383.37,830.66,685.87,722.52,690.85,606.5,722.36,515.23,672.7,652.06,655.72,723.84,711.35,789.46,683.49,611.88,733.95,695.58,639,722.88,685.59,686.15,609.55,616.98,715.21,710.35,827.02,513.92,674.57,615.8,655.47,601.23,613.44,519.12,522.74,699.9,792.05,661.64,752.83,620.78,646.03,575.54,747.22,618.05,616.34,560.14,660.32,881.8,746.63,514.06,715.27,793.51,622.4,645.62,627.23,582.04,1134.2,798.3,550.24,580.82,2193.2,542.3,751.05,310.51,786.2,756.52,966.34,662.38,1039.9,255.9,1069.9,257.98,271.25,202.83,444.84,662.14,854.64,1420.6,737.76,1222.2,324.33,1248.4,708,1426.8,1399.1,391.25,1984,1546.6,1018.8,801.4,736.04,36.4,330.1,184.41,721.24,583.45,328.27,1109.6,681.07,661.89,734.58,925.13,1245.9,749.39,530.21,251.82,243.28,772.75,831.81,1071.1,1231.4,459.65,849.97,211.34,927.02,920.94,1122,924.51,880.77,766.92,695.6,1049.5,865.28,439.68,1092.2,1042,1360.8,154.73,239.69,218.96,177.48,1095.6,875.66,1553.8,459.79,1017.8,538.46,642.37,260.86,935.75,1345.5,750.37,907.74,1233.3,1145.1,304.55,61.052,746.3,420.91,609.57,582.71,725.07,781.66,641.47,567.68,552.37,1008.9,886.64,845.26,404.62,540.89,659.53,1029.6,558.82,449.8,534.81,796.39,323.57,1050.4,1061.4,456.77,741.56,1227.7,691.9,452.58,598.6,1162.7,369.22,815.1,672.34,343.65,905.89,1340.1,516.52,505.84,375.16,1959.5,514.98,363.61,348.07,663.61,966.11,416.8,402.5,336.28,1391.7,671.46,822.32,287.05,695.5,431.94,551.77,637.14,224,1515.5,434.2,311.58,467.44,589.69,247.46,274.49,549.72,495.85,444.79,1814,1860.3,1913.3,349.19,315.94,450.27,537.13,319.22,1875.2,288.17,543.08,574.02,339.53,428.18,1777.2,266.53,369.32,493.29,459.01,312.49,275.42,211.66,412.08,564.38,416.29,275.2,1794.6,156.51,210.69,454.36,560.43,379.42,482.61,203.03,217.91,452,558.76,482.8,315.88,282.86,202.82,186.41,601.33,600.78,362.5,458.82,1892.1,204.09,423.7,551.22,521.87,308.7,302.96,1869,234.2,513.38,567.29,391.37,427.32,93.755,204.68,320.57,541.93,588.14,328.18,314.91,106.64,214.56,439.22,585.19,435.76,409.49,275.07,258.97,258.22,452.25,596.06,321.52,383.06,272.06,219.2,434.92,556,561.76,328.14,167.33,202,219.26,412.85,521.01,388.98,406.33,170.39,211.25,322.8,516.65,628.53,298.26,386.44,185.24,216.15,412.78,510.04,596.66,279.83,275.03,1935.6,241.25,410.25,382.45,396.49,292.58,266.08,207.26,243.15,362.87,370.75,314.56,388.48,259.98,269.75,189.61,338.12,327.08,260.13,417.46,2145.3,284.78,238.77,424.81,452.49,1942,356.84,357.47,224.52,259.7,435.37,356.57,408.91,401.67,231.22,230.52,307.2,478.18,512.24,415.86,374.13,249.04,294.31,350.95,450.35,494.51,42.354,397.57,438.56,407.26,295.17,449.18,457.85,311.32,531.38,482.74,598.69,349.76,410.17,479.79,544.09,336.16,432.38,430.69,430.22,385.11,363.59,439.96,218.53,210.96,232.32,318.98,302.6,217.19,264.76,588.19,454.55,258.4,350.81,238.59,242.22,441.48,443.57,601.16,290.85,330.03,244.85,256.43,358.57,447.52,637.95,522.75,191.83,209.48,313.72,270.34,243.15,436.65,267.32,131.47,376.64,279.79,342.16,234.66,234.71,306.89,177.39,319.43,418.65,247.74,236.68,541.23,515.01,429.97,262.02,367.7,306.94,1906.4,488.79,383.73,482.36,471.4,399.59,247.68,383.66,396.73,425.6,351.06,513.65,408.69,259.83,365.96,454.19,441.6,315.56,306.98,467.3,289.25,645.78,460.56,368.35,534.2,395.59,442.77,437.22,500.98,578.57,455.63,155.23,121.78,488.7,256.32,476.91,399.59,202.79,217.52,479.45,197.33,379.52,521.61,749.19,235.84,165.83,496.58,453.49,492.75,202.89,544.8,423.72,1065,404.09,428.01,206.56,531.91,478.97,588.59,402.21,917.18,292.77,380.23,213.4,222.96,482.14,586.86,297.74,228.46,343.92,219.1,248.32,411.05,139.07,215.19,506.88,270.93,188.03,389.81,395.64,338.16,372.06,162.72,469.26,191.35,242.48,451.37,228.28,206.59,365.1,353.14,218.04,489.51,563.54,77.666,263.03,746.6,279.99,1945,1877.1,1554.8,1711.8,1594.9,1692.9,1563.6,426.02,460.75,203.05,387.12,1925.7,1280.3,224.26,255.77,1651.3,166.01,206.93,1680.4,245.97,233.86,307.03,228.04,194.23,380.26,224.85,1797.9,1882.6,406.54,818.78,648.61,1768.4,1406.9,805.68,732.46,476.74,270.51,332.11,1686.5,512.42,218.22,1097.5,1261.1,958.54,670.54,597.1,464.99,753.74,574.88,229.96,85.063,900.42,1150.5,721.45,228.97,820.86,644.67,1785.3,268.7,487.83,321.09,203.58,569.87,395.28,377.51,951.81,233.84,361.75,553.8,160.87,507.19,501.97,932.67,992.81,1253.7,959.56,288.63,642.41,756.82,895.34,302.53,851.48,313.41,740.07,200.37,1112.8,1063.2,1179.9,837.13,1672.3,540.36,215.87,1930.3,1170.4,683.03,701.21,1265.9,978.18,591.65,493.62,546.9,408.15,564.26,378.9,543.09,891.36,493.35,395.63,1018.5,953.46,586.34,440.79,872.21,704.23,1081.5,771.99,783.67,1122.7,985,366.76,142.53,596.85,620.21,1685.6,496.41,454.78,686.79,1165.8,760.05,761.74,1021.4,500.63,714.91,1435.6,730.11,658.16,322.1,839.29,812.48,555.78,385.52,1215.6,286.43,814.52,682.59,210.03,84.669,862.97,448.44,624.97,617.01,774.06,273.9,628.42,779.6,337.88,72.234,252.46,624.14,287.46,791.55,1119.6,392.34,356.11,346.55,738.6,484.29,370.45,875.34,187.18,192.82,164.98,578.36,1022.8,450.78,575.02,900.16,157.58,953.32,200.05,191.65,299.36,476.97,262.28,981.03,338.82,627.07,445.8,233.96,1104,735.48,493.93,975.22,238.33,176.25,562.26,763.9,861.53,821.2,344.35,296.96,249.87,805.62,260.25,955.44,551.75,449.59,558.64,165.38,313.86,83.213,376.01,523.19,298.97,1089.7,796.18,107.68,622.2,508.22,1072.3,729.52,325.13,774.71,671.33,876.42,312.73,107.27,986.08,542.78,496.36,786.34,825.6,726.76,708.84,461.2,369.54,993.56,610.42,670.73,775.56,641.99,749.35,825.44,669,641.2,702.42,750.46,1220.9,353.21,151.79,385.59,759.41,664.05,781.85,561.49,577.85,250.68,787.69,779.41,622.42,1070.2,704.7,406.51,763.29,950.84
1259.9,1323.4,2266.6,2524,1763.2,2406.8,2322.7,2241.4,2341.9,2241.1,1328.1,2378.7,2336.2,2305.7,2239.4,1303.4,2311.6,2542.4,2147.9,2495.3,2363.4,2346,2334.2,2348.1,2363.1,2393.3,2394.7,1738.5,2357.1,1419.9,2371,2330.2,1559.1,1519,745.06,2407.6,2393.7,2364.7,1217.5,2293.3,2396.4,2363,2359.9,1566.6,2311.4,2418,2430,2323.8,796.61,2382.1,2375.8,2388.5,831.52,2377.5,2403,955.85,2363.5,2150.8,2393,1223.1,2338.3,1773.4,2337.2,1269.7,1641.5,2441.8,1710.2,2417.7,2496.8,1769.5,2523.2,1002.5,1768.6,2072.7,1993.5,1460.4,1572.7,2510.7,2282.7,2243.5,1282.5,2235.8,2340.2,2590.5,2598.5,1560.9,2549.4,2478.4,2554.9,1311.8,1608.8,877.02,2129.3,1297.6,2468.8,2223.2,1939.6,2344.8,2585,1992.9,2031,2293.2,2850.9,1685.8,1692.3,1830.9,1299.3,2246.7,1964.6,2293.9,2410.9,2149.5,2291.6,1286.5,2185.2,1477.6,2106.2,2087.4,1469.3,2239.5,2097.7,2703,2148,1017.3,2178.2,1881.9,2511.5,1316.3,1156.7,1174.8,1432.8,2128.9,1645.7,2276.7,1926.1,2126,1854.5,2073.2,1810.8,2065.4,2279.9,1794.7,2342.2,2529,1813.7,950.34,1634.1,1431.7,1437.3,1242.7,1104.1,1119.9,1243.3,1690.1,1250.9,1304.7,1425,1404.8,1192.4,1931.6,1799.8,2414.5,2027.8,1408,1444.7,1505.3,1343.7,1414.3,2070.1,1872.1,1557.4,2152.2,2205.6,1328.9,2098.9,2126.6,2336.8,1123.6,2143.9,1862.3,1777,1980.9,1611.9,1946.4,1647.6,2004.8,2509.3,2179.3,2003.6,2449.3,2150.2,2376.7,2143.9,1950,1878.3,2078.5,1933.2,1803.8,1889.9,1898,1901.2,2285.5,1853.5,1905.4,2486.1,1870.7,2094.8,1806.9,1832.5,1890.5,1670.1,1943.4,2152.7,1899.3,2553.8,2461.2,2515.6,1821.4,2051.2,1885,1813.8,1878.8,2418.8,1831.7,2309.1,2284.2,1970.8,1900.8,2524.3,1888.9,2035.8,2125.1,1870.5,2056.2,2008.2,1951.7,1933.5,2324,1899.5,1872,2294.6,1831.2,1826.6,2249,2308.7,1478.5,1613.5,1860.5,1904.9,1628.7,2253.5,1162,2296.3,1950.7,1939.8,1878.1,2442.2,2349.6,1976.3,1787.1,2425.3,1939.2,2099.7,2354.7,2317.3,1940.4,1917.2,2644.9,1919.6,2450.3,2363.5,2042.8,1766.9,1884,1902.9,2017.7,2437.3,2291.2,1596.9,1882.7,1821.1,1894.5,1756.9,2408.1,1516.2,1898.1,1858.8,1837.1,1944.5,2274.5,2335.7,2143,1821.8,1840.8,1856.3,2057.6,2340.9,2167.3,1932,1888.3,1849.6,1842.5,1456.3,2327.5,1563.7,1954.6,1887,1857.3,859.51,2405.1,2311.4,2135.1,1877.7,1806.7,1913.5,2098.7,2223.3,2040.1,1939.9,1802.3,2402.5,1922,1882.1,2087.9,1823,1877.4,1875.6,1936.5,1935.4,2049.9,1519.3,1897,1909.3,1873,1940.7,1896.5,2041.2,1896.9,1865.6,1967.8,3194,1228.4,2099.5,2206.4,2228.9,2519.2,1867.3,2597.1,2075,2060.2,2213.3,2277.8,1958.4,1834.7,1824.1,1970.4,2063.5,2251.9,2411.9,1939.1,1814.4,1907.8,1920.9,1981.7,2175.4,2243.2,1913.2,1884.8,2008.4,1955.9,2074.1,1917.9,2179.6,1771.4,1990.7,2239.9,2533.8,2080.5,2154.8,2505.2,2410.2,2058.2,2315.1,2044.6,2083.7,2100.9,2020.9,2056.3,1919.8,2113.9,1920.9,2049.5,2057.6,412.31,1974.1,1974.8,2148.8,2139.2,1773.5,2265.8,2253.1,686.35,2329.2,2514.2,2178.8,2103.3,1911.2,2202.3,2086.5,2613.7,2359.7,2135.7,1992.1,1921,2134.7,2048.8,2145.4,1990.8,2055.5,2401.5,2085.9,2351.8,2145.2,1906.7,2052.6,1538.3,2151.8,2250.3,2184.8,2216.6,2222.4,2250.2,2225.7,2270.2,2228.3,2224.4,2059,3026.6,2202.4,2049,2451.9,2510.7,2285.8,1831.9,2199.7,2070.9,1885,1981.1,2107.3,1916.3,1212.3,2042.5,2359.5,2083.1,1909,1861.8,1994.7,1985.7,1977.9,2387.1,655.53,2009.3,1963.8,2282.9,2238.7,666.73,2569.2,2559.2,1375.1,1938.4,1329.4,921.52,2147.7,901.82,678.45,2476.3,2504.1,825.45,2102.3,2495,2240.9,2457.2,1154.8,2079.7,2058.1,2362.7,1333.4,2249.9,546.93,2247.8,2088,2254.2,1362.6,1194.2,2043.6,2351.7,946.04,2390,1192.6,2324.8,2479.3,1014.5,2479.1,2573.9,2114,494.3,1463,1435.4,2065.4,1615.2,1680.8,1000.5,2159.1,927.48,830.41,1414.2,1392.8,2166.7,2433.3,1070.8,2270.3,2181.7,2214.8,2155.3,1948.4,1841.9,2290.7,2053.9,1992.4,2149.5,2101.5,2065,2135.8,1998.7,2161.6,2251.5,2453.5,2478.3,2587.4,2255.6,2400.2,2294.2,1859.9,1944.5,1907.6,2121.8,2395.2,1867.3,1694,1728,2623.6,1798.2,1775.8,2570,1779.7,2272.3,1906.8,1852.5,1783.9,1762.8,1670.1,2483.1,2364.3,2002.4,2532.8,2094.2,2294.3,2371.2,1710.4,1504,2065.1,2039.3,1055.4,2621.2,2150.6,1906.3,2460,2380.4,2476.8,2039.1,2418.8,2486,1998.4,2281.9,1633.1,1561.9,2240,2467.1,1710.4,1967.2,2390.8,1529.9,2244.1,2177.4,1107.7,1886.4,2185,1906.4,2145.1,1495.6,2358.7,1939.8,1058.2,1447.2,1425.2,1360.3,1463.4,2428.7,2193.8,2057,1031.5,1127.7,1322.7,1444.6,1013.3,1686.2,1584.3,1279.9,1827.9,1248.7,2254.6,2375.5,2240.9,2503.8,2444.3,829.32,2095.5,2460.1,2364.6,817.42,2031.1,2169.4,2087.4,2059.9,1499.7,1069,1984.7,1801.3,2028.1,1488.7,2013.1,498.68,1567.2,1877.7,2043.6,1048.8,880.96,1158.5,1581.1,2262.8,1040.3,1944.8,2564.2,2252.9,1721.7,897.53,1129.5,2435.8,2403.3,1127.9,1043.1,1210.2,2275.4,1997.5,1165,2583.6,1230,1164.5,2192.7,1815.6,1231.3,1000.3,1025.9,1804.4,1944.6,1116.9,2670.2,1455.8,2257.2,1061.7,1159.4,1230.1,1965.5,1214.6,1487.1,1589.7,1049.2,1083.4,1390.2,1351.1,1474.7,1226.5,1622.1,1584.9,1381.7,1847.9,2128.9,1575,1877.4,1471,2251.5,1658.2,1169.5,1425.8,1406.3,1270.4,1204.1,977,1866.6,1758.4,1596.6,2232.3,946.46,2936.2,1574.2,1954.2,1580.2,770.22,1157.8,2109,1123.1,1072.7,1484.5,1860.1,2188.8,1790.3,1845.1,1971.5,1193.6,1293.2,1008.1,1119.3,1827.8,1993.1,1513.7,1112,1004.8,1983.7,1254.6,1158,1085.1,1089.9,1017,1670.4,1280.1,1216.7,1959.5,1672.8,1740.2,1716.7,1716.8,1115.9,1749.6,1221.7,1995.5,1260.7,1464.2,2019.5,1607.2,1577.2,1254.1,1522.4,2002.7,1057.4,1599.5,1328.1,1447.1,1300.9,1412.8,1261.8,1204.9,2111.8,1072.8,1028.4,1084.8,1084.4,1086.9,1475.8,1602.1,1046.9,1131.2,1272.8,1279.5,1473.1,1287.3,1759.6,1211,747.48,1545.8,880.73,1656.4,1292.1,1606.4,2120,1371,1803.9,1412.5,1556.3,1961.9,1158.9
2398.1,2537.5,2661.3,3104.5,2485,2700.4,2761.3,2713.9,2766,2629,2558.1,2617.9,2518,2651.7,2656.4,2437.9,2810.2,2944.4,2627.9,2758.7,2801.9,2746.9,2792.3,2743.5,2796.2,2774.3,2736.6,2377.6,2771.1,2455.3,2777.2,2564.7,2381.4,2303.4,2383.7,2830.7,2821.9,2769.6,2413.6,2702.5,2808.7,2803.9,2777.6,2372,2764.8,2849.7,2917.7,2755.1,2397.5,2810.6,2798.7,2824.1,2379.6,2795.2,2853,2415.1,2746.3,2620,2828.9,2576.7,2763.2,2440.8,2722.7,2523.2,2524,2925.2,2652.1,3568.3,2625.1,2532.9,2592.3,2464.9,2639.8,2744.1,2806.4,2642.4,2454.6,3437.6,3468.9,3483.9,2687.8,3361.4,3470.3,3357.3,3528.6,2668.1,3090,2865.6,2626.8,2743.1,2428.7,2492.5,2717.5,2489.5,3511.3,2814.2,2769.4,3357.1,3339.6,2710.4,2675.6,3207.3,4000,2750.5,2964.3,2615.9,2118.2,3282.5,2929.1,3232.6,3104.2,2685.8,2832.8,2384.9,2653.3,2668.4,2952.4,2510.1,2689.4,2837.3,2161.7,3294.3,2441.8,2578.9,3202.2,2897.7,3416,2585.4,2222.4,2234.6,2307.5,3374.6,2754.6,3263.9,2746.7,2771.3,2834.3,2423.1,2393.2,3217.3,2917.6,3093.1,3646.3,3227.9,2550.2,2123.7,2355.3,2187.7,2072.5,2355.9,3038.9,2216.9,1817,2950,2703,2660.4,2320.1,2712.2,2487,2133.6,2648.9,2992.2,2618.8,2561.4,2644.7,2411.2,2483.8,2629.5,3121.2,2727.1,2485,2651.9,2710.6,2483,2652.2,2251.6,2729,2461,2635.8,2533.7,2289.5,2655.7,2655.9,2369.2,2567.8,2577.1,3177.1,2587.8,2449.1,2847.5,2542.8,2746.9,2277.4,2515.1,2434,3209.4,2416,2317.7,2452.4,2458.9,2282,2749,2513.5,2121.9,3014.9,2526.7,2167.3,2423.9,2460.2,2311.4,2483.9,2330.2,2762.9,2163.4,3226.5,2886.9,3047.3,2559.3,2589.5,2446.5,2559.4,2358.3,2902.1,2646,2868.2,2778.3,2520.4,2463.8,2765.6,2202.9,2692.8,2568.7,2419.9,2614.7,2529.4,2393.4,2330.4,2847.9,2380.2,2384.5,2501.7,2442.2,2327.3,2848,2611.2,2004.6,2510.6,2603.4,2373.3,2062.7,2874.2,2389.6,2861.4,2402,2573.8,2486.4,2993.3,2774.8,2394.3,2568.6,2940.5,2482.1,2770.2,2939,2844.5,2366.2,2444.3,3226.2,2631.8,2962.2,2821,2179,2657.3,2392.6,2461.8,2232.4,3036.6,2737,2137.4,2386.4,2515.6,2304,2313.9,3280.1,2172.7,2814.2,2344.5,2322.4,2200.8,2956.7,2637.6,2668.2,2449.5,2359.3,2329.4,2665.9,3098.1,2637.4,2689.3,2420.6,2498.4,2187,2383.1,3164.3,2316.3,2693.4,2377.6,2377.1,2009.2,3066.4,3324.3,2944.7,2088.6,2587.8,2318.1,2849.5,2777.6,2530,2444.3,2305.4,3290.7,2302.3,2127,2824,2248.1,2426.9,2339.7,2224.6,2654,2603,2289.9,2403.2,2669.5,2595.6,2028,2397.2,2655.4,2213.3,2516.8,2585,4000,2250,2397.2,3118.3,3185,3193.3,2638.8,3074.2,2550.9,2197.9,2669.2,2855.6,2446.7,2134.6,3237,2446.3,2142.1,2952.8,3330.6,2444.2,2179.6,3282.3,2278,2670.6,2706,3279.9,2570.7,2245.4,3124.4,2740.3,2397.4,2635.4,2740.9,2511.3,2395.1,2892.3,3235.5,2830.2,2659.1,3180.1,3331.2,2295.8,2740.8,2802.6,2344,2125.8,2847.9,2543.1,1987.1,2759.7,2110.1,2409.1,2719.3,2077.8,2736.9,2658.5,2501.6,2742.3,3160.8,2676.3,3281.3,2613.5,2865.1,3112.5,3076.9,2772.4,2542.8,3254.6,3205.7,3407.1,3240.2,3294.8,2420.8,2499.7,2732.5,2696.1,2884.5,2477.3,2572.3,3295.7,3249.8,2540.8,3192.9,3209.7,2078.3,2486.9,2592,3059.4,3356.6,2691.8,2254.3,2810.1,3140.2,3055.4,3226.8,3111.1,3276.7,3160.1,3145.5,3027.1,2745.9,2629.5,3276.4,2879.1,2772.7,3002.8,2777.4,2286.1,2820.6,2495.4,2066.8,2542.7,2983.9,2845.9,2333.7,3103.6,2859.2,2995.6,2935.1,3215.4,2494,3342.5,3214.5,2967.6,3056.9,2632,3407.1,3236.5,2670.9,3043.5,2636.3,2639.9,3315.6,2621.2,2630.7,2820.3,3079.8,2519.3,2951.2,3275,2781.4,2668.7,2232.7,3612.9,3272.6,2841.1,2579,3020.9,2369.2,2771.2,2630.4,2788.6,2436.1,2640.8,2997.5,2514.9,2553.5,3698.3,2459.8,2932.4,3136.4,2299.2,2989.7,3128.4,3074.8,2151.9,2740.5,2527.9,2678.2,2460.9,2594.2,2224.4,3182,2680.4,2022,2488.3,2249.1,3274.4,3122.8,2455.8,3135.6,2891.9,2398.5,3104.5,3193.9,2451,2309.6,2499.4,2479.3,2633,2602.6,2897.4,2890.8,2829.8,2768.3,3287.3,3203.3,3155.4,3193.8,3215.2,3326,2700.7,2295.2,2494,2276.2,2596.8,3134.2,2456.2,2799.6,2820.1,3304.9,2537.7,2827.2,3608.8,3311.1,2605.7,2353.6,2401.5,2519.1,2831.2,2569,3175.5,3520.5,2281.9,3170.5,2221.4,3172.3,2783.1,2461.8,2444.3,2632.7,2367,2154.1,3238.8,2597.4,2462.5,3134.1,3054.5,3095,3020.8,3145,3181.7,2456.4,2327.7,2588.9,2467.1,3134.4,3119.1,2837.5,2317.2,3024.8,2676,3301.1,2235.7,2328.9,2328,2697,2719.2,2339.8,2685.7,3139.8,2252.6,2711.1,2833.6,2608.4,2781.6,2641.7,3131.2,2521.5,3259.7,2522.3,3108.4,2641.6,2937.2,2457.1,2889.4,2811,2888.9,3146.5,2604.5,3197.8,2974.1,3316.2,3063.6,3185.4,2299,2497.6,3379.5,3266.2,2518.7,2668.7,2988.4,3002.9,2826.2,2663.6,2179.5,2032.7,2510.1,2438.9,3067.5,3108,2175.7,2645.2,2996.9,3537.7,2882.6,2453.4,2432,2852.7,3207.7,2798.8,1950.3,3125.9,3321.1,3072.2,2474.6,2866.7,3101,3344.8,2560.5,2293,2486.6,2771.6,3055.5,2338.3,3162.8,2676,2621.1,3074.1,2740.2,2007.5,2313.5,2461.1,2417.2,2457.1,2261,3143.8,2315.6,3304.8,2054.4,2354.5,1920.6,3168.1,2544.7,2579.2,2753,2296.9,2244.4,2618.5,2881,3372.8,2270.6,2368.5,2989.5,2272.1,3141.5,3141.7,3139.8,2314.6,2169.8,3154.1,2954.6,2672,3123.1,2641.7,1946.2,2433.3,1974.2,3314.6,2934.6,3098.2,3250.4,2030.1,4000,2027.9,2824.4,3100.1,2169.7,2182,3067.3,1892,2303,3089,3100.6,4000,3344.2,2920.4,3167.9,2293.6,2149.7,2232.8,2578.8,2979.3,3091.7,2520.4,2483,2434,3569.7,2309.9,2989.2,2486.9,2000.3,1967.9,2687.9,2059.4,2678.1,3032.9,3049.9,3213.6,3185.3,2683.5,3125.4,3117.8,2564.1,3104.3,1756.1,2615.3,3374.6,2583.5,2290.6,2195.1,2194.4,3023.7,2346.6,3233.1,2138.2,2096,2071.4,2975,1819.3,2246.5,3222.3,2354.7,2249.5,2267.2,2327.9,2486.7,1671.6,3084.7,2452.4,2158.8,2700.2,3012.5,2003.4,2612.2,2974.8,2773.9,1962.4,3049.7,2585.8,2096.6,1944.9,2876.4,2769.7,2402.6,2722.5,1696.6,2200.2,3162.9,2764
3333.4,4000,4000,0,4000,4000,4000,4000,4000,4000,3225.1,4000,4000,4000,4000,2862.6,4000,0,4000,4000,4000,4000,4000,4000,4000,4000,4000,2827.2,4000,2867.2,4000,2768.4,2786.7,2747.7,2795.3,0,4000,0,2822.6,4000,4000,4000,4000,2782.5,4000,0,4000,4000,2753.3,4000,4000,4000,2670.8,4000,4000,2807.1,4000,4000,4000,2753.7,0,2855.2,4000,3294.7,4000,0,4000,4000,4000,3059.6,4000,3311.7,4000,4000,4000,4000,3169.8,0,4000,0,4000,4000,0,0,0,4000,0,0,4000,4000,3105.7,3092.2,4000,3368.4,0,4000,4000,0,4000,3493.9,4000,4000,4000,4000,3119.5,2958.2,3666.9,4000,4000,4000,0,4000,4000,3449,4000,4000,4000,4000,4000,4000,4000,0,4000,3484.4,0,4000,0,3100.6,2891.8,3778.5,3607.2,4000,4000,0,4000,4000,4000,2568,4000,0,0,3114.4,0,0,4000,3217,3594,3037.7,3668.6,3553.6,4000,2928,3578.5,4000,2919.8,3053.3,3428.4,4000,3184.4,3285.2,4000,4000,4000,3441.3,2939.2,3533.5,2924.3,4000,4000,4000,2749.3,4000,4000,2950,3144.9,2727.6,4000,2880.5,3064.2,3112.4,3291.8,4000,3304.7,3373.1,3215.4,3033.1,0,4000,3334.5,4000,2788.5,4000,2808.9,3262,2997.3,0,3158.7,3154,3186.9,2976.5,2837.5,4000,2954.1,2860.8,0,3107.9,2685.7,2814.1,2865.8,2739.5,2843.9,3408.2,4000,3022.6,0,4000,0,3212.7,4000,3167.3,3096.2,2837.5,0,2924.4,4000,4000,3704.3,3170.2,0,2872.6,2786.6,4000,3261.9,3269.4,3232.7,2935.6,2863.8,4000,3074.3,3089,4000,3025.2,2889.2,4000,4000,3080,3072.1,3113.2,2804.8,2777.8,4000,2905.2,4000,3274.4,2954.4,2957.7,4000,4000,3046.2,3183.1,0,2879.3,4000,4000,4000,3180.1,3316.5,0,2982.3,4000,4000,2696.8,3305.9,3285.9,3283.6,2892,4000,4000,2700.7,3346.2,3190.2,2773.9,3044.1,4000,2661.4,4000,3242.4,3191.7,2964.9,4000,4000,4000,3433.2,3363.5,3454.3,4000,4000,4000,4000,3256.8,3458.3,3429.5,3095.5,4000,3257.3,3602.2,3271.9,3359.8,3410.8,4000,4000,4000,3447.7,3278.8,3211.5,4000,4000,4000,3004.4,3391.4,0,3511.3,3007.4,4000,3338.2,3376.3,3128.4,3348.1,2802.4,4000,3240.6,3393.5,3633.5,3053.5,3422.3,3193.6,2735.4,3336.1,3305.4,3889.7,0,3311.3,3508.5,4000,4000,4000,4000,4000,3625.1,3267.6,4000,4000,3473.9,3478.6,4000,3452.9,3395,4000,0,3307,3441.6,4000,3304.1,4000,4000,4000,3327.5,3636.9,4000,4000,3274,4000,4000,3343.8,3464,4000,4000,4000,4000,0,0,3375.1,4000,4000,4000,3328.3,4000,4000,3384.7,4000,3197,2940.5,4000,3396.5,3701.1,4000,4000,4000,3271,3087.3,4000,3311.3,4000,4000,4000,2786.3,3352,4000,4000,4000,4000,4000,3303.8,3475.2,4000,4000,4000,4000,4000,4000,4000,4000,4000,4000,3496.1,3320.5,3401.3,4000,4000,3108.8,2886.8,4000,4000,4000,4000,3115.2,4000,0,4000,4000,4000,4000,4000,4000,4000,4000,4000,3282.9,4000,3053.6,3410.7,4000,4000,4000,3530.3,4000,4000,4000,4000,0,3443.9,4000,4000,4000,4000,3229.3,0,0,3426.6,3101.8,2909,4000,4000,3442.8,3209.2,4000,0,3167.5,4000,4000,4000,4000,3243.6,4000,4000,4000,3431.8,4000,2878.5,4000,4000,4000,2996.6,3317.2,4000,4000,4000,0,3309.3,4000,4000,3459.5,0,4000,4000,3171.1,4000,2950.9,4000,4000,4000,3173.3,0,3812.1,3449.4,4000,2957.9,4000,0,3341.6,4000,3125.7,3104.5,4000,3256.9,3663.9,2985.2,3185.4,3400.9,3267.4,3223.7,3386.2,3340.1,3195.1,3205.6,0,0,4000,0,4000,0,4000,3492,3190.9,3183.3,3122.6,0,3157.7,3169.3,3197.5,0,3237.9,3282.8,0,4000,3357.3,3121.2,3052.7,3021.9,3229.7,3178.1,0,0,3300.9,4000,3356.7,4000,4000,3251.3,3155.3,3162.3,3273,3004.5,0,3175.4,3184,4000,4000,4000,3257.5,4000,4000,3049.2,3284.6,3189.6,3301.9,4000,4000,3253.3,3236,4000,3270.3,4000,3385.1,2950.7,3096.6,3292,3173.9,3199,3253,4000,3338.3,3184.6,3164.9,2993.9,3382.3,3177.7,0,4000,0,3217.9,3200.6,3192.9,3172.3,3185.7,3270.3,3196.7,3203.5,4000,3281.5,0,4000,0,4000,0,3193,3121.2,0,4000,3359,4000,4000,4000,4000,3399.1,3502.9,3323.8,3090.5,3355.3,4000,4000,3412.4,3143.7,4000,4000,3386.6,3653.5,3528.7,4000,4000,3207.7,3151.7,0,4000,4000,3191.9,3212.2,4000,0,3185.2,3199.5,3380.2,4000,4000,3884.7,0,2995.9,3113.5,0,4000,3734.6,2944.2,3272.3,2993.8,3255.6,3343,0,3311.5,0,3228.2,3143.6,3424.3,4000,3167.5,3071.8,3097.5,3636.9,3010.4,3384.4,3325.1,4000,3133.4,3395.4,3158.1,3439.5,4000,4000,4000,3144.7,3043.5,0,4000,3356.7,4000,3250.5,3490.1,3227.6,3195.4,4000,4000,4000,4000,3155,0,3185.1,4000,4000,3409.3,3094.2,4000,3356.2,3013.8,3708.6,4000,4000,4000,4000,0,3017.6,3349.8,3098,3533.5,4000,4000,3359.6,3250.7,3107,0,3511.8,0,3612.1,3377.8,3305.2,3491.2,4000,3085.2,4000,4000,4000,4000,4000,4000,4000,3238.8,4000,3287.4,3245,0,4000,3319.6,3100,3010.8,4000,3213.1,4000,3604.9,3436.7,3308.5,3099,3093.7,3119.4,0,3271.5,3273.7,3013.1,3029.6,3250.5,3186.8,4000,4000,3114.8,3115.5,4000,3222.6,4000,3432.7,3176,3249.1,4000,3146.5,3115.6,3109,4000,4000,3033.2,4000,2717.5,3182.8,4000,4000
0,4000,0,0,4000,0,0,0,0,0,0,0,0,0,0,0,0,0,0,0,0,0,0,0,0,0,0,0,0,0,0,0,0,0,0,0,0,0,0,0,0,0,0,0,0,0,0,0,0,0,0,0,0,0,0,0,0,0,0,0,0,0,0,0,4000,0,0,0,0,0,0,0,4000,4000,0,0,0,0,0,0,4000,0,0,0,0,4000,0,0,0,4000,0,0,0,0,0,0,0,0,0,0,0,0,0,4000,0,0,0,0,0,0,0,0,0,0,0,0,0,0,0,0,0,0,0,0,0,0,0,0,0,0,0,0,0,0,0,0,0,0,0,0,0,0,0,0,0,0,0,0,0,0,0,0,0,0,0,0,0,4000,0,0,0,0,0,0,0,0,0,4000,0,0,0,0,0,0,0,0,0,0,0,0,0,4000,0,0,0,0,0,0,0,4000,0,0,0,0,0,0,0,0,0,0,0,0,0,0,0,0,0,0,0,0,0,0,0,0,0,0,0,0,4000,0,0,0,0,0,0,0,0,0,0,0,0,0,0,0,0,0,0,0,0,0,0,0,0,0,0,0,0,0,0,0,0,0,0,0,0,0,0,0,0,0,0,0,0,0,0,0,0,0,0,0,0,0,0,0,0,0,0,0,0,0,0,0,0,0,0,0,0,0,0,0,0,4000,0,0,0,0,0,0,4000,0,0,0,0,0,0,0,0,0,0,0,0,0,0,0,0,0,0,0,0,0,0,0,0,0,0,0,0,0,0,4000,0,0,0,0,0,0,0,0,0,0,0,0,0,0,0,0,0,0,0,0,0,0,0,0,0,0,0,0,0,0,0,0,0,0,0,0,0,0,0,0,0,0,0,0,0,0,0,0,0,0,0,0,0,0,4000,0,0,0,0,0,0,0,0,0,0,4000,0,0,0,0,0,0,0,0,0,0,0,0,0,0,0,0,0,0,0,4000,0,0,0,0,0,0,0,0,0,0,0,0,0,0,0,0,0,0,0,0,0,0,0,0,0,0,0,0,0,0,0,0,0,0,0,0,0,0,0,0,0,0,0,0,0,0,0,0,0,0,0,0,0,0,0,0,0,0,0,0,0,0,0,0,0,0,0,0,0,0,0,0,0,0,0,0,0,0,0,0,4000,0,0,0,0,0,0,0,0,0,4000,0,0,0,0,0,0,0,0,0,0,0,0,0,0,0,0,0,0,0,0,0,0,0,0,0,0,0,0,0,0,0,0,0,0,0,0,0,0,0,0,0,0,0,0,0,0,0,0,0,0,0,0,0,0,0,0,0,0,0,0,0,0,0,0,0,0,0,0,0,0,0,0,0,0,0,0,0,0,0,0,0,0,0,0,0,0,0,0,0,0,0,0,0,0,0,0,0,0,0,0,0,0,0,0,0,0,0,0,0,0,0,0,0,0,0,0,0,0,0,0,0,0,0,0,0,0,0,0,0,0,0,0,4000,0,0,0,0,0,0,0,0,0,0,0,0,0,0,0,0,0,0,0,0,0,0,0,0,0,0,0,0,0,0,0,0,0,0,0,0,0,0,0,0,0,0,0,0,0,0,0,0,0,0,0,0,0,0,0,0,0,0,0,0,0,0,0,0,0,0,0,0,0,0,0,0,0,0,0,0,0,0,0,0,0,0,0,0,0,0,0,0,0,0,0,0,0,0,0,0,0,0,0,0,0,0,0,0,4000,0,0,0,0,0,0,4000,0,0,0,0,0,0,0,0,0,0,0,0,4000,0,0,0,0,0,0,0,0,0,0,0,0,0,0,4000,0,0,0,0,0,0,0,0,0,0,0,0,0,0,0,0,0,0,0,4000
0.0012248,0.0020609,0.0015103,0.0012197,0.0030358,0.002214,0.0023366,0.0026689,0.0029894,0.0025738,0.0019023,0.0020491,0.0017529,0.0015479,0.0030002,0.0012142,0.001514,0.0012179,0.0018755,0.0023308,0.0026922,0.0021111,0.0018228,0.0027382,0.0028703,0.0019397,0.0028927,0.0025638,0.0024186,0.0019588,0.0016587,0.0027504,0.0014613,0.0018725,0.00036822,0.0012718,0.0023068,0.00077012,0.0015646,0.0015081,0.0021481,0.003337,0.0026488,0.0011438,0.001818,0.0010261,0.0022506,0.00033429,0.001386,0.001264,0.0027924,0.0015403,0.0018465,0.0030833,0.0018734,0.00090065,0.00057953,0.0006716,0.0007907,0.00097274,0.00025235,0.0010605,0.00045036,0.00074973,0.0010495,0.00058708,0.00074066,0.00068873,0.00040462,0.0013745,0.00074686,0.00038036,0.0014644,0.00076106,0.00048774,0.00043112,0.0010106,0.00098399,0.0011264,0.00054535,0.00058058,0.0008386,0.00041156,0.0010174,0.00074543,0.0012183,0.0004078,0.00054975,0.00085142,0.0010567,0.0012983,0.00017266,0.00039685,0.0010339,0.00089018,0.00064757,0.0005407,0.00060095,0.00047222,0.0006779,0.00052942,0.00036079,0.00055095,0.00071178,0.00053323,0.00091838,0.0009371,0.0006003,0.00065488,0.00087798,0.0006252,0.00038446,0.00071071,0.00058911,0.00063204,0.00047538,0.0010795,0.00058774,0.00043086,0.00063058,0.00037893,0.00078894,0.00036534,0.00029313,0.0012004,0.00070057,0.00081821,0.00023877,0.00054981,0.00063609,0.00064915,0.00047272,0.00049598,0.00046119,0.00070909,0.00038171,0.00045264,0.00066597,0.00055686,0.00054225,0.0001824,0.00096677,0.00064555,0.001065,0.00090172,0.00026325,0.00029976,0.00034324,0.00083885,0.00019458,0.00044692,0.00061779,7.1465e-05,0.00081887,0.0010134,0.0004184,0.00057967,0.00082479,0.00062628,0.00094842,0.000708,0.00079175,0.00090337,0.0013451,0.0014316,0.00090752,0.00061903,0.0004877,0.0010413,0.00058229,0.0016088,0.0025172,0.00097281,0.0011923,0.0014216,0.0015814,0.0013923,0.00056809,0.0014675,0.001057,0.00084944,0.00060449,0.00075514,0.00086694,0.0017123,0.0011599,0.0010902,0.00068422,0.0012336,0.00067624,0.0019592,0.0015076,0.00092625,0.0010133,0.0019016,0.00068372,0.0021432,0.00091613,0.0024075,0.00080422,0.0059025,0.0089402,0.0056709,0.0043981,0.0015001,0.0017672,0.0199,0.024315,0.011274,0.016517,0.024622,0.010931,0.025108,0.024106,0.017992,0.02079,0.042552,0.039118,0.059383,0.044181,0.025353,0.028897,0.040613,0.056566,0.043674,0.047686,0.019159,0.012982,0.024152,0.051018,0.076358,0.099326,0.033915,0.025195,0.032984,0.025938,0.042991,0.05316,0.080796,0.044248,0.026295,0.028479,0.044,0.054886,0.051867,0.044637,0.03924,0.037778,0.060764,0.046306,0.076365,0.064583,0.062348,0.05548,0.055694,0.055459,0.095435,0.08367,0.1319,0.10162,0.048557,0.04527,0.054539,0.10013,0.068405,0.11791,0.067495,0.10348,0.092089,0.082267,0.11793,0.11701,0.14594,0.033111,0.076699,0.07746,0.12818,0.08102,0.088068,0.10545,0.035886,0.094445,0.12676,0.11078,0.10765,0.13278,0.082619,0.065694,0.095465,0.065524,0.083632,0.14116,0.12556,0.029337,0.12932,0.073417,0.11035,0.09642,0.10732,0.038783,0.058774,0.11845,0.10321,0.11149,0.096532,0.092331,0.040525,0.0984,0.050532,0.098594,0.080688,0.097914,0.07641,0.063298,0.1065,0.072984,0.076169,0.067577,0.084562,0.069471,0.066281,0.12418,0.11143,0.091288,0.1049,0.064306,0.073326,0.046938,0.08667,0.093135,0.074742,0.082996,0.041673,0.059914,0.0906,0.039717,0.11693,0.10983,0.056208,0.059925,0.018766,0.05718,0.03645,0.057225,0.042505,0.032017,0.028515,0.024672,0.092703,0.055212,0.065529,0.051111,0.044469,0.078844,0.065619,0.061014,0.052699,0.070994,0.050391,0.064662,0.070406,0.075388,0.038214,0.02434,0.058239,0.0537,0.025501,0.022846,0.034526,0.018417,0.059266,0.031691,0.06705,0.071062,0.069824,0.04492,0.029655,0.015939,0.042957,0.043394,0.045791,0.053378,0.029566,0.038131,0.036288,0.054446,0.033913,0.040508,0.048755,0.043107,0.038695,0.019319,0.019131,0.026238,0.018409,0.0052609,0.012448,0.018501,0.018528,0.032378,0.015526,0.014386,0.014642,0.011663,0.0064427,0.013157,0.021693,0.017408,0.015292,0.014779,0.015954,0.0090967,0.012668,0.015555,0.010933,0.011399,0.011917,0.0042956,0.013873,0.0056831,0.0065035,0.0093672,0.009151,0.012249,0.0060302,0.0063421,0.01131,0.0070667,0.0059949,0.023339,0.01175,0.0065229,0.0073013,0.004517,0.0048937,0.010151,0.0027267,0.0044283,0.0056182,0.0035364,0.0036015,0.0049252,0.0045178,0.0049172,0.0067057,0.0026345,0.0031302,0.0072133,0.0046694,0.0036418,0.0020735,0.0019354,0.0038996,0.0043149,0.0034484,0.0022587,0.0035814,0.002807,0.0013663,0.0038853,0.0014717,0.0020752,0.0023093,0.0057741,0.0039568,0.00036452,0.0033847,0.0037035,0.002,0.0011887,0.0021194,0.0014528,0.0014893,0.0018031,0.0013712,0.0018995,0.0019085,0.0019955,0.0019725,0.003017,0.0025428,0.0024698,0.002057,0.0023316,0.0012867,0.002128,0.0019036,0.0030268,0.001635,0.0012219,0.0011971,0.0023589,0.0029179,0.0015549,0.0016618,0.00060726,0.00098695,0.00084225,0.0012882,0.0011806,0.002924,0.0022765,0.0014444,0.00093651,0.001708,0.0010368,0.0012737,0.0014352,0.0016137,0.0015652,0.00092707,0.001776,0.00095503,0.0015094,0.0012679,0.0011745,0.0016927,0.00088055,0.0007348,0.0016262,0.0021185,0.0066391,0.0060777,0.0028063,0.0091919,0.0035132,0.013143,0.023702,0.015771,0.01298,0.009431,0.0067435,0.0084474,0.0037197,0.013321,0.005848,0.0051805,0.012256,0.017353,0.013648,0.0054569,0.0059213,0.0044278,0.0063547,0.0052759,0.006767,0.0088209,0.0010126,0.0043852,0.0080556,0.0047877,0.0060555,0.0029298,0.0027829,0.0038546,0.0049082,0.0011042,0.0043552,0.0053504,0.0039386,0.0049233,0.0018649,0.0028733,0.0016184,0.0017599,0.00078494,0.0022125,0.0014076,0.0018661,0.00072893,0.0022313,0.0026836,0.00071807,0.0011549,0.0013647,0.002644,0.0010509,0.00037075,0.00054581,0.001113,0.00068766,0.00067971,0.0018844,0.0022632,0.00099561,0.00092861,0.0013814,0.0006977,0.0011434,0.00095178,0.00099317,0.00028815,0.00033569,0.0026463,0.0013952,0.0010933,0.0015822,0.0027882,0.0021718,0.0015085,0.00084856,0.0024196,0.0010042,0.00078932,0.00064945,0.0013383,0.0015946,0.00071129,0.00054024,0.00042526,0.0013513,0.00099405,0.0009263,0.0016538,0.0019719,0.0015853,0.0025002,0.00083654,0.0021959,0.00051561,0.0016253,0.000834,0.00082027,0.0024981,0.00086949,0.0010887,0.0016022,0.00077254,0.00088242,0.00048142,0.00066183,0.00067775,0.00049579,0.00089235,0.00044952,0.00072408,0.0011334,0.0011711,0.0018236,0.00045444,0.0012732,0.00014492,0.00044946,0.0004738,0.0011744,0.00080597,0.00063876,0.00081964,0.00018477,0.00049891,0.00066957,0.0016101,0.00082201,0.00070745,0.0012993,0.00025877,0.00070621,0.00095279,0.00063858,0.00042482,0.00020667,0.00079865,0.00079007,0.00051568,0.00098885,0.00075131,0.0010478,0.0010889,0.00026571,0.00037977,0.00097084,0.00070732,0.0004116,0.001735,0.0011027,0.00038017,0.0011454,0.0015831,0.00082055,0.0011118,0.00095783,0.00050188,0.00030194,0.00048866,0.00054804,0.0011302,0.00071776,0.00070656,0.00047208,0.0010929,0.00061079,0.00068611,0.00092154,0.0010508,0.0012361,0.00032101,0.00097953,0.00048326,0.0012077,0.0003508,0.00055027,0.00029411,0.0011606,0.00043338,0.0009686,0.00048176,0.00076406,0.00069363,0.000509,0.00081059,0.00095944,0.00082475,0.00028084,0.00077714,0.00095442,0.00052086,0.00052094,0.00019748,0.00057597,0.00088675,0.00088862,0.00081287,0.00077495,0.001064,0.00095151,0.00057613,0.00078435,0.00025012,0.0011329,0.001093,0.00038341,0.00148,0.00089526,0.00091952,0.00095713,0.00056187,0.00063981,0.0010109,0.001051,0.00069069,0.0007298,0.0003337,0.00068838,0.00086669,0.00027332,0.00061156,0.00090655,0.0007595,0.00059358,0.00065854,0.00065832,0.00074586,0.0011192,0.00080578,0.00087265,0.0010431,0.0011971,0.00085696,0.00089201,0.001339,0.0011225,0.00085903,0.0017034,0.00048237,0.0012651,0.0015293,0.0017761,0.0010952,0.0005661,0.00071544,0.00047836,0.0021625,0.0017818,0.00041082,0.00074387,0.0015493,0.0015176,0.0023122,0.0020466,0.0014325,0.0015485,0.0019989,0.00054664,0.00075951,0.00043844,0.00073795,0.0008809,0.00031311,0.0018435,0.00050241,0.0014636,0.00040169,0.0015929,0.00096827,0.0014894,0.001139,0.00075405,0.00088522,0.0010211,0.00042689
0.0012777,0.0002898,0.0016661,0.0023408,0.00046922,0.0015905,0.0024731,0.0015086,0.001836,0.0014487,0.00051285,0.001015,0.00059182,0.00077968,0.0018471,0.00038599,0.0014338,0.0018726,0.0015002,0.0012035,0.0020156,0.0025136,0.003655,0.0024881,0.0034492,0.0023918,0.0019287,0.00042736,0.0042377,0.00052709,0.0042915,0.002365,0.00026116,0.00032307,0.0017384,0.0032164,0.0034414,0.0024095,0.00057524,0.0027355,0.0027404,0.0031422,0.0034308,0.0003729,0.0031005,0.0025174,0.0019677,0.00096589,0.00023516,0.0026292,0.0029549,0.0031305,0.00024983,0.0033588,0.0035874,0.00026236,0.0012553,0.00064129,0.0024376,0.0013334,0.0013679,0.00047024,0.0011047,0.0005625,0.00067204,0.0010376,0.0004326,0.0013013,0.00067747,0.0004029,0.0015236,0.00085073,0.00058838,0.0010276,0.00096973,0.00057009,0.00059429,0.0020505,0.0014701,0.0013524,0.00060098,0.00040775,0.0012279,0.0014436,0.0014361,0.0008388,0.0007047,0.00078454,0.00015434,0.00050958,0.00080416,0.00051762,0.00031053,0.00050546,0.0015151,0.0011081,0.00090957,0.0019469,0.00085625,0.00052351,0.00055468,0.00021319,0.00024249,0.00070236,0.00039117,0.00083007,0.0003459,0.00078384,0.00077661,0.00096371,0.00020954,0.00045308,0.0007711,0.00036154,0.00044429,0.00024726,0.00036365,0.00090694,0.00025773,0.00043418,0.00071185,0.00092414,0.0002953,0.00064087,0.00078577,0.00036574,0.0007747,0.00025716,0.00012314,0.00021144,0.00036472,0.0009895,0.00023712,0.00051118,0.00080855,0.00070236,0.00074599,0.00036763,0.0006795,0.00070132,0.00079366,0.00070651,0.00050921,0.00062844,0.00017798,0.00050857,0.00047881,0.00032187,0.00071068,0.00057485,0.00066019,0.00016563,0.00033483,0.00054792,0.0013186,0.0004257,0.0004199,0.00029251,0.00047171,0.00063394,0.0015895,0.0013009,0.00075801,0.00068659,0.0013048,0.00088511,0.0011244,0.00042214,0.00066346,0.00061175,0.00027581,0.0015449,0.0013059,0.00080351,0.0012555,0.00028476,0.0020184,0.0010266,0.0020831,0.00066184,0.0015937,0.0012789,0.00045175,0.00095306,0.0010429,0.0013193,0.0013603,0.0010934,0.00077033,0.0018477,0.0019687,0.0028072,0.00041078,0.0017285,0.0020901,0.0014534,0.0023669,0.0016307,0.0015564,0.0021211,0.0011373,0.0090151,0.0016452,0.0022994,0.0049175,0.002179,0.0034683,0.0066154,0.017168,0.012865,0.011668,0.007022,0.033615,0.011413,0.011296,0.015034,0.014492,0.036965,0.047205,0.058599,0.051718,0.036936,0.02484,0.050259,0.02658,0.066838,0.054933,0.03874,0.010276,0.033907,0.029351,0.071679,0.044585,0.032227,0.024451,0.030353,0.019,0.044232,0.051031,0.088613,0.017987,0.065388,0.058093,0.091296,0.015006,0.0057827,0.0098145,0.036276,0.041236,0.0070872,0.063636,0.010241,0.07292,0.026773,0.046845,0.056973,0.096146,0.032306,0.044019,0.046552,0.032042,0.054592,0.038041,0.098253,0.082326,0.022207,0.051389,0.031638,0.069338,0.072711,0.1044,0.015119,0.047573,0.06672,0.098043,0.065206,0.1619,0.10197,0.0097576,0.071587,0.11471,0.050204,0.024177,0.13555,0.018267,0.081098,0.095394,0.082973,0.045347,0.036186,0.036637,0.08648,0.0616,0.05679,0.068704,0.036868,0.098532,0.049262,0.066657,0.089975,0.095118,0.049877,0.020015,0.13536,0.01395,0.041524,0.049304,0.049456,0.0078124,0.10317,0.061531,0.07363,0.014031,0.020156,0.033965,0.059011,0.084291,0.05494,0.07628,0.05971,0.018692,0.049245,0.028218,0.081978,0.066298,0.11998,0.065978,0.074389,0.047064,0.084562,0.018458,0.088581,0.13289,0.073582,0.020366,0.051589,0.074628,0.038055,0.06523,0.069087,0.041617,0.008664,0.023277,0.054532,0.077237,0.032046,0.0096863,0.016263,0.042804,0.033689,0.073773,0.060537,0.067858,0.02832,0.018004,0.040734,0.010284,0.071311,0.050493,0.081819,0.041391,0.092078,0.039093,0.060649,0.07909,0.037033,0.045867,0.026165,0.047276,0.029518,0.038928,0.032671,0.066797,0.013521,0.026685,0.029997,0.025136,0.026149,0.035997,0.067396,0.068976,0.01041,0.02454,0.022952,0.021381,0.0069859,0.031302,0.059304,0.0038905,0.016013,0.0049608,0.020065,0.024116,0.0017086,0.013854,0.0057737,0.011593,0.019565,0.0027749,0.015534,0.0039238,0.0019072,0.021909,0.013517,0.010879,0.0024291,0.0070369,0.014697,0.0069548,0.012138,0.0066439,0.00949,0.0090572,0.0025253,0.0092388,0.0080614,0.011665,0.0050484,0.012731,0.010787,0.013535,0.0019927,0.016049,0.0083238,0.0012715,0.0012693,0.0072334,0.012757,0.0072346,0.010005,0.00097313,0.0091795,0.010473,0.0067606,0.0080973,0.0067046,0.0034702,0.0021397,0.0077197,0.0047098,0.0033761,0.0010534,0.0039152,0.0044448,0.0034763,0.0023039,0.0051427,0.0026554,0.002439,0.0020409,0.00031968,0.0021694,0.0023777,0.0039249,0.0026554,0.0027096,0.0029522,0.0053528,0.003036,0.0012446,0.001138,0.0012109,0.001923,0.0036404,0.0025728,0.0032472,0.0034794,0.004421,0.00081587,0.001526,0.00040784,0.00052783,0.00086319,0.0010092,0.0013269,0.0014148,0.0011085,0.00059759,0.0019841,0.0010102,0.0024247,0.00057038,0.00074244,0.0011893,0.000916,0.0012026,0.00040122,0.0020554,0.00024185,0.0015277,0.00092927,0.0021912,0.000542,0.00080217,0.0018952,0.001009,0.00030174,0.0017603,0.00033785,0.0010304,0.0015703,0.0005806,0.00079981,0.0011765,0.0022377,0.0003383,0.00067094,0.0005129,0.0016356,0.00055158,0.00052129,0.00064789,0.0015217,0.00057433,0.00037525,0.00066421,0.00016161,0.00044206,0.00025885,0.0012821,0.0012014,0.0019293,0.0029702,0.0022428,0.0033695,0.002413,0.005563,0.016819,0.017822,0.022067,0.02179,0.021997,0.017882,0.013147,0.013331,0.0041332,0.0078098,0.012141,0.0057279,0.0079872,0.016115,0.0069492,0.0072568,0.010124,0.0024298,0.0068945,0.0066338,0.0021378,0.0078153,0.010875,0.004444,0.0075195,0.0063527,0.0026022,0.004967,0.0021867,0.0032745,0.0035092,0.0033745,0.0064427,0.0027016,0.0048394,0.0032977,0.0011865,0.0042504,0.00065419,0.0021306,0.0019914,0.00086653,0.00059036,0.0036569,0.00058752,0.00050738,0.0021885,0.0023202,0.0012593,0.0015133,0.00032117,0.0011824,0.0010407,0.0024627,0.0012911,0.00054159,0.00033414,0.00095835,0.00087746,0.0022247,0.0018498,0.00075308,0.00041128,0.001555,0.0012358,0.00048705,0.0020374,0.00028506,0.00026083,0.00076079,0.0012195,0.00057136,0.00054049,0.0013715,0.0012084,0.0003923,0.0010082,0.000593,0.00078098,0.0010495,0.00068567,0.00066029,0.00092656,0.00038945,0.0013472,0.00095798,0.0013142,0.00033258,0.00054144,0.00055645,0.00259,0.00070558,0.0011981,0.0013306,0.00050345,0.001792,0.0012104,0.0012263,0.00035231,0.00079664,0.00072407,0.0010423,0.00072505,0.00076391,0.00043656,0.00074059,0.00062944,0.00062632,0.0002627,0.00020865,0.00046363,0.00062336,0.0010835,0.0003309,0.00079839,0.00068929,0.0010465,0.00057987,0.00035909,0.00085088,0.00046152,0.00047368,0.00094495,0.00025314,0.00024775,0.00051197,0.0011162,0.00098073,0.001078,0.00044978,0.0012652,0.00076999,0.00063782,0.00046106,0.00070225,0.00049518,0.00053715,0.00077545,0.00068066,0.00055612,0.00045077,0.00063103,0.00039157,0.00055483,0.00076617,0.00075383,0.00056327,0.00053611,0.00042751,0.00022996,0.0011608,0.00093656,0.0002209,0.0011924,0.00039609,0.00063232,0.00096702,0.00054949,0.00073023,0.00042958,0.0007488,0.00035138,0.0008735,0.00070816,0.00078853,0.0010824,0.00078304,0.00049425,0.00055262,0.0011541,0.0013316,0.00021579,0.00066941,0.00045633,0.00026542,0.00057823,0.00086979,0.00078787,0.00037444,0.00064925,0.00023232,0.00030097,0.00052949,0.00052649,0.00098844,0.00074125,0.0011618,0.0004888,0.00098379,0.00059987,0.00085089,0.00033927,0.00067739,0.00029161,0.00066864,0.00061838,0.0010829,0.0011344,0.0010393,0.00046879,0.00068016,0.0014678,0.00081686,0.0012217,0.00098709,0.00049232,0.00047261,0.00058375,0.00035806,0.00069547,0.00051049,0.00057732,0.00040441,0.0015427,0.00043285,0.00038866,0.00081938,0.00017637,0.00090477,0.00096845,0.00034408,0.0010122,0.00049626,0.00096235,0.0011637,0.000828,0.00099596,0.00073024,0.00028611,0.0012134,0.00063143,0.00090818,0.00050947,0.0020699,0.00058849,0.0013028,0.0023168,0.0022434,0.00097316,0.00044888,0.0011177,0.001205,0.00061794,0.0018538,0.0005737,0.0026337,0.00051609,0.00039232,0.0014232,0.0011167,0.00089422,0.00071207,0.0010795,0.0012423,0.00073833,0.0012194,0.00048264,0.0008296,0.0011086,0.00099198,0.0010547,0.00065955,0.0010372,0.0013652,0.00040418,0.00048633,0.00076058,0.00066733,0.0012294,0.00019759,0.001073,0.00050281,0.00077162
0.00089464,0.0024221,0.0020711,0.00061001,0.0022586,0.00082199,0.0018283,0.0019187,0.0017823,0.0021048,0.0021318,0.0014325,0.0017785,0.0020146,0.0026974,0.0017637,0.0012224,0.0003996,0.0018588,0.00096205,0.0022104,0.0029383,0.0039739,0.0025948,0.0033206,0.0024911,0.0021892,0.0032806,0.0040415,0.0036779,0.0044763,0.00027864,0.002563,0.002684,0.0029901,0.0033236,0.0036072,0.0024011,0.0030001,0.0027601,0.0024503,0.0031076,0.0035017,0.0020362,0.0028193,0.0025456,0.0006069,0.0011382,0.0013341,0.0026019,0.0026118,0.0027637,0.0011013,0.0029761,0.0033571,0.0021273,0.0010242,0.0015639,0.0028185,0.0015705,0.0012202,0.0013732,0.0016579,0.0019072,0.0012232,0.0010641,0.001933,0.0003871,0.00030931,0.0018289,0.00031564,0.0018334,0.0021673,0.00031079,0.00082225,0.0011641,0.0010564,0.00055933,0.00073995,0.0011747,0.0016457,0.00079588,0.0006242,0.00045749,0.00065108,0.0012061,0.00026928,0.00075212,0.0011178,0.0014607,0.00107,0.0010846,0.00096391,0.00083611,0.00079958,0.00046991,0.0016659,0.00048643,0.00035611,0.00039849,0.00057839,0.000173,0.00017472,0.0005971,0.00056752,0.00020352,0.00070243,0.0008571,0.0017485,0.00019359,0.00048049,0.00093576,0.00032482,0.00071458,0.0010323,0.00064972,0.0005721,0.00079065,0.00070592,0.0004246,0.00022964,0.00055003,0.00060287,0.00037629,0.0013262,0.0010804,0.00064884,0.0003085,0.00065464,0.00048411,0.00054632,0.00042425,0.00049024,0.0003952,0.00092405,0.00057018,0.00078161,0.00015385,0.00080473,0.0010092,0.00052357,0.00016092,0.00037697,0.00021103,0.00087598,0.00068119,0.0003142,0.00051225,0.0012021,0.00099317,0.00036671,0.00050775,0.00029044,0.0008526,0.0014457,0.00054237,0.00069028,0.00041207,0.00063066,0.000382,0.001107,0.00088945,0.0014637,0.0011941,0.00058196,0.00080499,0.00060556,0.0012472,0.00057137,0.0015735,0.0006903,0.0021488,0.0014327,0.0023638,0.0021155,0.0020074,0.001854,0.0018637,0.001885,0.0020221,0.0010085,0.00090936,0.00067867,0.0016198,0.0026301,0.0015628,0.00049249,0.0012918,0.0018798,0.0015589,0.0013387,0.0023512,0.0014633,0.0019816,0.0015187,0.0012011,0.00048309,0.0015846,0.0019685,0.0027236,0.0060941,0.0089054,0.0050771,0.0011272,0.0037648,0.0072372,0.017685,0.024722,0.016977,0.016305,0.013115,0.010204,0.026763,0.013347,0.0085511,0.0061734,0.013076,0.064093,0.035052,0.038059,0.051002,0.031468,0.015641,0.016827,0.047486,0.036235,0.054511,0.03149,0.014134,0.019184,0.045266,0.060573,0.026674,0.032015,0.025501,0.017807,0.011486,0.061874,0.051976,0.050333,0.0085443,0.026916,0.029552,0.076968,0.035327,0.048541,0.017677,0.020656,0.032916,0.045913,0.082369,0.058903,0.034322,0.041605,0.033467,0.053078,0.069188,0.027393,0.045778,0.03577,0.022419,0.043054,0.08483,0.086288,0.073332,0.081573,0.067909,0.019603,0.030481,0.051113,0.036244,0.08189,0.06147,0.05233,0.062408,0.011784,0.097069,0.081921,0.071477,0.088662,0.029545,0.038041,0.057013,0.062192,0.081051,0.076503,0.079108,0.043804,0.03233,0.065048,0.032434,0.063163,0.062501,0.026563,0.061487,0.041098,0.079683,0.075127,0.098677,0.081649,0.03303,0.047033,0.052393,0.049327,0.10342,0.054988,0.027584,0.028589,0.10185,0.080819,0.04605,0.039516,0.036473,0.038024,0.03122,0.046824,0.057142,0.073732,0.039637,0.044869,0.063056,0.044837,0.048857,0.049205,0.076343,0.038263,0.036212,0.0097073,0.017431,0.080044,0.080484,0.092455,0.045037,0.014814,0.062888,0.027864,0.031758,0.072956,0.046784,0.017647,0.0061936,0.053179,0.019956,0.051632,0.044852,0.025206,0.032053,0.029385,0.050073,0.016037,0.071921,0.024644,0.063628,0.033004,0.049893,0.0404,0.040769,0.041907,0.048786,0.056546,0.042437,0.049342,0.025189,0.018025,0.050629,0.023189,0.028379,0.03062,0.024863,0.024561,0.011388,0.036363,0.023436,0.04853,0.032258,0.026406,0.011437,0.019596,0.015189,0.01935,0.038837,0.044233,0.031462,0.027108,0.010863,0.024943,0.034053,0.055479,0.039715,0.022377,0.020994,0.0033816,0.018898,0.021368,0.0046406,0.009781,0.0056666,0.0075659,0.0039964,0.0030774,0.010573,0.0063654,0.010159,0.010829,0.0047169,0.0073388,0.0052502,0.012684,0.0072105,0.0052656,0.013462,0.0088825,0.0071598,0.0041686,0.0097965,0.0095006,0.0037598,0.0073131,0.0088718,0.0071315,0.0095503,0.0068201,0.0063741,0.01102,0.0047353,0.0042305,0.0024173,0.0053206,0.005082,0.00316,0.0080982,0.0033868,0.0059789,0.0034214,0.0036277,0.0040908,0.0040683,0.00086873,0.0032664,0.0063567,0.0019345,0.0022402,0.0029909,0.003315,0.0028125,0.0019639,0.0018087,0.0010648,0.0024144,0.0022274,0.0033351,0.001602,0.0028645,0.0033527,0.0024103,0.00079692,0.0029855,0.0024811,0.0026036,0.0010951,0.003024,0.0018278,0.0044629,0.0012873,0.003718,0.0017861,0.0021407,0.0026708,0.0021727,0.00033084,0.0020226,0.0031035,0.0011346,0.0025481,0.0034623,0.00097361,0.0017273,0.0019323,0.0015832,0.00079392,0.0025734,0.0016183,0.001777,0.00079449,0.00099493,0.0006674,0.00055851,0.0010742,0.0025401,0.0012841,0.0013815,0.00067351,0.0017558,0.0018896,0.0017103,0.00046449,0.0014822,0.00058567,0.0011364,0.00043611,0.00066035,0.0010429,0.00056755,0.0010961,0.0014231,0.0012824,0.00052181,0.0003651,0.0012081,0.00049886,0.0012227,0.00052753,0.00044728,0.00090679,0.00064163,0.00062741,0.00047461,0.00075813,0.0006304,0.0013652,0.0041115,0.00050703,0.00045156,0.0019119,0.0032571,0.0062915,0.010291,0.014214,0.012409,0.015208,0.015308,0.0068246,0.0078746,0.0049281,0.0027042,0.016437,0.014754,0.016482,0.022152,0.019569,0.015403,0.0060442,0.0072768,0.009147,0.0043922,0.0050303,0.0053542,0.0039145,0.0018341,0.0047131,0.011381,0.0033492,0.004703,0.00086397,0.0031192,0.0016042,0.0028766,0.0018071,0.0045856,0.0033046,0.0064168,0.0032475,0.0014727,0.0022028,0.0025984,0.0013631,0.0029263,0.0023698,0.0021176,0.002145,0.002194,0.002156,0.0012591,0.001642,0.0007505,0.0013624,0.0010788,0.001112,0.0010148,0.00023817,0.0023187,0.0022066,0.0011089,0.0012694,0.00039879,0.0018406,0.0029364,0.0017604,0.00088932,0.0014609,0.0015012,0.00034185,0.00067787,0.0003682,0.0019443,0.00086977,0.00084439,0.00087419,0.0010203,0.00088144,0.0017075,0.0011553,0.0016706,0.00040423,0.00072151,0.0020518,0.0014553,0.0010112,0.00034113,0.0013757,0.00088962,0.00057015,0.001103,0.00060893,0.0011643,0.0015323,0.00063043,0.00079941,0.0020096,0.0006988,0.0017336,0.00079217,0.0014294,0.0012537,0.0023734,0.0026022,0.00094536,0.00091955,0.0013047,0.0008053,0.00041673,0.00058562,0.00067468,0.00085599,0.00074904,0.00116,0.0013454,0.00033999,0.0010129,0.0010175,0.00078928,0.0012275,0.00078546,0.00067285,0.00078543,0.00046193,0.00096227,0.0013671,0.0006072,0.00054617,0.00058122,0.00079517,0.00036199,0.00082064,0.0016136,0.00043555,0.00023101,0.00056329,0.0011497,0.00044193,0.0005485,0.00058358,0.00034959,0.0011956,0.0012355,0.0011557,0.00041763,0.00089258,0.0010933,0.00081312,0.0013597,0.00082747,0.0014625,0.00091076,0.00033092,0.0003886,0.0010422,0.00073061,0.00053569,0.00070059,0.00148,0.00068866,0.0010626,0.00039706,0.00023579,0.00020532,0.0011254,0.00043129,0.0005995,0.00092313,0.00046598,0.0005052,0.00022186,0.00031104,0.00070643,0.0021938,0.0015457,0.0013686,0.0005686,0.00015586,0.0011171,0.00038738,0.00044168,0.0016461,0.0004017,0.00068727,0.00099942,0.00094329,0.00038774,0.001229,0.00072207,0.00043071,0.0015679,0.00026893,0.00049851,0.00050789,0.00043649,0.00070291,0.00055627,0.00080721,0.001314,0.00065294,0.00091862,0.0014468,0.00074326,0.0015338,0.00051692,0.0014891,0.00028153,0.00086691,0.00044176,0.00053705,0.00077825,0.0011624,0.00074781,0.0006854,0.00059179,0.0010191,0.00063469,0.0010078,0.0004831,0.00094584,0.0009713,0.00050338,0.0010973,0.00023963,0.0017424,0.00083666,0.00052517,0.00051738,0.0018603,0.0016616,0.001906,0.00072,0.0017606,0.00099747,0.00079336,0.001461,0.00063519,0.00050567,0.0015366,0.00072175,0.0016466,0.0010122,0.0012166,0.0010808,0.00052629,0.00076083,0.00089795,0.00044324,0.00087249,0.0016526,0.0012971,0.00074078,0.0007124,0.00099005,0.00039913,0.00034552,0.0015632,0.00061734,0.00089366,0.00044401,0.0017425,0.00085211,0.00058619,0.0005549,0.00072724,0.0011676,0.00056696,0.00054957,0.0005093,0.00035382,0.00080481,0.0006196,0.00038841,0.00059081,0.00075983,0.00059574,0.0014681,0.00076712
0.0007291,0.0010501,0.0016811,0,0.0010687,0.0010408,0.0024333,0.0011672,0.0011531,0.0022422,0.00055702,0.00068807,0.00042021,0.0010514,0.0013867,0.0019475,0.00045672,0,0.0003192,0.00023141,0.00027805,0.00059695,0.00026773,0.00049907,0.00028332,0.00026596,0.00032391,0.0034311,0.00035652,0.003855,0.00021269,0.0024802,0.0027552,0.003378,0.0032624,0,0.00017715,0,0.0032282,0.00030684,0.00027234,0.00044786,0.00064912,0.002599,0.00040113,0,0.00021824,0.00019258,0.0011211,0.00021379,0.00041243,0.00042528,0.0015414,0.00036696,0.0002377,0.0023782,0.00016008,0.00032586,0.00017269,0.0016754,0,0.0015912,0.00054886,0.00076839,0.00030633,0,0.001831,0.00012133,0.00025781,0.0014196,0.00051654,0.00051852,0.0006061,0.00032032,0.0003927,0.00030147,0.00068835,0,0.00022991,0,0.0004373,0.00017615,0,0,0,0.00044851,0,0,0.00012524,0.00079741,0.00090278,0.00037784,0.00070328,0.0013923,0,0.00044034,0.00048681,0,9.6034e-05,0.00038782,0.00041875,0.00014679,7.559e-05,0.00032055,0.00029517,0.00086464,0.00065263,8.9526e-05,0.00012513,0.00052625,0,0.00070461,0.00017789,0.00086783,0.00056978,0.00038456,0.00032895,0.00065907,0.00020189,0.00021246,0.0011966,0,0.0003168,0.00062169,0,0.00030329,0,0.00034272,0.00053906,0.00024424,0.00023919,0.00011289,0.00042728,0,0.0005295,0.00044156,0.00029926,0.00024892,0.000561,0,0,0.00045404,0,0,0.000156,0.00040381,0.00023041,0.00065077,0.00064178,0.00056702,0.00039799,0.00031764,0.00027176,0.00055023,0.00031627,0.00046675,0.00044455,0.00043133,0.00056626,0.00029905,0.0006842,0.0002173,0.00042526,0.00045641,0.00087589,0.00045516,0.00067876,0.00031934,0.00020424,0.00067249,0.00072432,0.0007087,0.00039045,0.0017231,0.00032788,0.0024345,0.00040232,0.0024232,0.00037131,0.0004912,0.0012023,0.00060339,0.00077974,0.0012787,0.0017697,0.00096748,0,0.00063776,0.00073682,0.00020785,0.0013026,0.00036396,0.0012205,0.00075386,0.0019996,0,0.0022559,0.00085175,0.0015697,0.0026914,0.004774,0.0012653,0.0037177,0.0034872,0,0.0020207,0.014981,0.031094,0.023036,0.021773,0.017351,0.002829,0.0063312,0.011191,0,0.002287,0,0.022369,0.010842,0.016431,0.031642,0.03017,0,0.025297,0.0074286,0.010883,0.0067251,0.015023,0,0.029134,0.014589,0.030782,0.0083139,0.025299,0.0149,0.018193,0.037286,0.0063001,0.022365,0.030624,0.0045473,0.025141,0.043299,0.011803,0.0058148,0.031501,0.014535,0.028029,0.03312,0.061861,0.010934,0.065081,0.0082746,0.020193,0.026025,0.060337,0.0099872,0.010015,0.063128,0.035713,0,0.027975,0.011424,0.017565,0.0087512,0.037251,0.025685,0,0.014007,0.015873,0.023615,0.085443,0.026474,0.039206,0.036992,0.019813,0.027612,0.01177,0.097418,0.043273,0.020289,0.015472,0.064199,0.0081142,0.11205,0.020431,0.049311,0.039304,0.037835,0.01496,0.011323,0.02712,0.046945,0.048596,0.038985,0.010163,0.012628,0.022395,0.026728,0.041171,0.052623,0.042337,0.062468,0.015181,0.041473,0.0097553,0.048293,0.049732,0.048846,0.018086,0.0058764,0.019786,0.031802,0.032435,0.017569,0.0084758,0.03243,0.037106,0.020567,0.036945,0,0.024314,0.057434,0.022054,0.043572,0.023436,0.024345,0.04907,0.024363,0.018574,0.072836,0.043184,0.013506,0.037319,0.042961,0.017844,0.023001,0.056629,0.052656,0.01122,0,0.040463,0.0098766,0.013219,0.014529,0.0089379,0.041091,0.0047929,0.013505,0.020444,0.04105,0.0073917,0.023629,0.034013,0.009365,0.059107,0.024462,0.014889,0,0.053104,0.0264,0.010518,0.050203,0.015256,0.017075,0.0054929,0.027746,0.019344,0.0092582,0.012543,0.020632,0.010728,0.016628,0.01585,0.018826,0.0059798,0.0059292,0.0045998,0.012271,0,0,0.020539,0.008734,0.012587,0.0095353,0.0070103,0.0062428,0.014523,0.019297,0.0040284,0.015528,0.01594,0.008453,0.011462,0.0022261,0.0043591,0.010937,0.0051543,0.0026817,0.012538,0.0025605,0.0060199,0.0064892,0.0020791,0.0012697,0.0023189,0.0086703,0.0021785,0.0038759,0.0011575,0.0020434,0.0016365,0.0070889,0.0044667,0.0056654,0.0020602,0.0028557,0.00099071,0.0025694,0.0020943,0.0022757,0.0053224,0.0020068,0.0025961,0.0073976,0.004734,0.0086066,0.0030087,0.00055117,0.0040356,0.0046437,0.0023073,0.0022906,0.0018237,0.00071837,0.00090386,0.00097492,0,0.0010667,0.00075814,0.00058019,0.00092727,0.0003911,0.0023138,0.0019319,0.00074525,0.00068569,0.0021722,0.0023885,0.00084707,0.00058832,0.0014441,0.00061202,0.00086462,0.0015733,0.0011154,0.0028559,0.00073804,0.00063643,0,0.0018864,0.00028439,0.0006085,0.0008581,0.00096777,0.001888,0,0,0.0019353,0.0016462,0.00081114,0.0014641,0.0004712,0.0011573,0.0021043,0.00040921,0,0.00093834,0.00048794,0.00025242,0.0002896,0.00028715,0.0020356,0.00023921,0.00039221,0.0004422,0.00033556,0.00075843,0.002415,0.0007376,0.00070032,0.00058682,0.0021159,0.00080954,0.00055379,0.00065086,0.00041114,0,0.00088351,0.0005483,0.00029154,0.0011076,0,0.0002287,0.00032382,0.0010849,0.00069829,0.00075377,0.00082976,0.00045737,0.00041458,0.00078551,0,0.00031818,0.00064019,0.00090597,0.00064765,0.0001841,0,0.0016816,0.00033089,0.0033612,0.0046873,0.001213,0.0010843,0.0015331,0.0092353,0.0090428,0.006634,0.015811,0.013845,0.010944,0.012937,0.011772,0.01676,0,0,0.0025145,0,0.0031546,0,0.0017736,0.0061435,0.010453,0.00481,0.002266,0,0.0051927,0.0081876,0.0091085,0,0.013085,0.0047675,0,0.0010539,0.0017597,0.0034442,0.0042789,0.0061457,0.0037481,0.006975,0,0,0.0025122,0.00086744,0.0015583,0.0006663,0.0005343,0.0014904,0.0026649,0.0022875,0.0014863,0.0027579,0,0.0013141,0.0022914,0.00029755,0.000136,0.0002376,0.0018178,0.00029164,0.00023923,0.0015356,0.00088856,0.0019848,0.0024189,0.00045137,0.00020831,0.0015253,0.0018659,0.00028267,0.00080773,0.00010924,0.0011029,0.0010921,0.0013107,0.0013224,0.001815,0.002198,0.0023337,0.00020138,0.0024575,0.002184,0.0018648,0.0012198,0.00050453,0.0011191,0,0.00045076,0,0.0016528,0.0019573,0.0023238,0.0018813,0.002995,0.0020127,0.0023215,0.001449,0.00027686,0.0012194,0,0.00019734,0,0.00027413,0,0.0014981,0.000908,0,0.00022817,0.00075169,0.00048007,0.00025397,0.0006295,0.00033879,0.00084531,0.0006163,0.0015473,0.0010754,0.00057892,0.00055746,0.0002835,0.00092691,0.00076256,0.00048573,0.00013587,0.00060893,0.0007431,0.0011797,0.0002562,8.8647e-05,0.00092026,0.0011981,0,0.00016494,0.00022301,0.00043666,0.00092751,0.00015343,0,0.00070961,0.0010714,0.00033105,0.00026984,0.00023398,0.00030914,0,0.0009133,0.0012155,0,0.00014684,0.00064815,0.001279,0.00069313,0.00078672,0.00089888,0.00089639,0,0.0014042,0,0.00079121,0.0015468,0.0004103,0.00010432,0.00062612,0.00016029,0.00099738,0.00069806,0.0014486,0.00098126,0.00038015,0.00027956,0.00099696,0.00086354,0.00083909,0.001868,0.00013621,0.00024466,0.00024591,0.00082105,0.00034572,0,0.00017679,0.00097056,0.00027208,0.00095081,0.0008431,0.0012112,0.0010163,0.0001184,0.00030853,0.00029249,0.00017998,0.0011675,0,0.0013623,0.00031996,0.00027095,0.0008796,0.00071438,0.00022033,0.0011452,0.00093427,0.00013664,0.00019143,0.00025193,0.0001433,0.00022219,0,0.0023059,0.0011851,0.00064665,0.00094263,0.00015494,0.00015554,0.00082793,0.00068917,0.00092457,0,0.0004261,0,0.00062756,0.00057058,0.001334,0.00021293,0.0010667,0.00095246,0.00019076,0.00031896,0.00020396,0.00045875,0.00066761,0.00031092,0.00047426,0.0019327,0.00040004,0.0020932,0.00053697,0,0.0014339,0.00041186,0.0016636,0.0012849,0.0003402,0.0019228,0.00036291,0.00073451,0.00068004,0.00088285,0.00015836,0.0021667,0.00092818,0,0.0011619,0.00043243,0.00092343,0.00225,0.0019528,0.0028429,0.00025937,0.0006969,0.0019648,0.001662,0.00031642,0.0006434,0.0006634,0.00029037,0.00095768,0.0019518,0.00048246,0.001882,0.0023094,0.00058095,0.00042112,0.00032048,0.00072845,0.0003493,0.00086883,0.0012389,0.0001643,0.00086295
0,0.00028005,0,0,0.00064529,0,0,0,0,0,0,0,0,0,0,0,0,0,0,0,0,0,0,0,0,0,0,0,0,0,0,0,0,0,0,0,0,0,0,0,0,0,0,0,0,0,0,0,0,0,0,0,0,0,0,0,0,0,0,0,0,0,0,0,0.00020861,0,0,0,0,0,0,0,0.00019278,0.00015994,0,0,0,0,0,0,0.00017878,0,0,0,0,0.00017086,0,0,0,0.00019111,0,0,0,0,0,0,0,0,0,0,0,0,0,9.3881e-05,0,0,0,0,0,0,0,0,0,0,0,0,0,0,0,0,0,0,0,0,0,0,0,0,0,0,0,0,0,0,0,0,0,0,0,0,0,0,0,0,0,0,0,0,0,0,0,0,0,0,0,0,0,0.00010159,0,0,0,0,0,0,0,0,0,0.00015055,0,0,0,0,0,0,0,0,0,0,0,0,0,0.00019057,0,0,0,0,0,0,0,0.00018138,0,0,0,0,0,0,0,0,0,0,0,0,0,0,0,0,0,0,0,0,0,0,0,0,0,0,0,0,0.0059187,0,0,0,0,0,0,0,0,0,0,0,0,0,0,0,0,0,0,0,0,0,0,0,0,0,0,0,0,0,0,0,0,0,0,0,0,0,0,0,0,0,0,0,0,0,0,0,0,0,0,0,0,0,0,0,0,0,0,0,0,0,0,0,0,0,0,0,0,0,0,0,0,0.012514,0,0,0,0,0,0,0.0104,0,0,0,0,0,0,0,0,0,0,0,0,0,0,0,0,0,0,0,0,0,0,0,0,0,0,0,0,0,0,0.0091446,0,0,0,0,0,0,0,0,0,0,0,0,0,0,0,0,0,0,0,0,0,0,0,0,0,0,0,0,0,0,0,0,0,0,0,0,0,0,0,0,0,0,0,0,0,0,0,0,0,0,0,0,0,0,0.0028105,0,0,0,0,0,0,0,0,0,0,0.0011294,0,0,0,0,0,0,0,0,0,0,0,0,0,0,0,0,0,0,0,0.00096708,0,0,0,0,0,0,0,0,0,0,0,0,0,0,0,0,0,0,0,0,0,0,0,0,0,0,0,0,0,0,0,0,0,0,0,0,0,0,0,0,0,0,0,0,0,0,0,0,0,0,0,0,0,0,0,0,0,0,0,0,0,0,0,0,0,0,0,0,0,0,0,0,0,0,0,0,0,0,0,0,0.00028738,0,0,0,0,0,0,0,0,0,0.00014744,0,0,0,0,0,0,0,0,0,0,0,0,0,0,0,0,0,0,0,0,0,0,0,0,0,0,0,0,0,0,0,0,0,0,0,0,0,0,0,0,0,0,0,0,0,0,0,0,0,0,0,0,0,0,0,0,0,0,0,0,0,0,0,0,0,0,0,0,0,0,0,0,0,0,0,0,0,0,0,0,0,0,0,0,0,0,0,0,0,0,0,0,0,0,0,0,0,0,0,0,0,0,0,0,0,0,0,0,0,0,0,0,0,0,0,0,0,0,0,0,0,0,0,0,0,0,0,0,0,0,0,0,0.00016714,0,0,0,0,0,0,0,0,0,0,0,0,0,0,0,0,0,0,0,0,0,0,0,0,0,0,0,0,0,0,0,0,0,0,0,0,0,0,0,0,0,0,0,0,0,0,0,0,0,0,0,0,0,0,0,0,0,0,0,0,0,0,0,0,0,0,0,0,0,0,0,0,0,0,0,0,0,0,0,0,0,0,0,0,0,0,0,0,0,0,0,0,0,0,0,0,0,0,0,0,0,0,0,0,0.00014577,0,0,0,0,0,0,0.0001873,0,0,0,0,0,0,0,0,0,0,0,0,0.0002228,0,0,0,0,0,0,0,0,0,0,0,0,0,0,0.00024852,0,0,0,0,0,0,0,0,0,0,0,0,0,0,0,0,0,0,0,0.00020244
