906.45,861.76,631.27,1090.1,550.39,817.04,898.96,972.29,794.19,589.55,733.6,892.09,637.52,888.82,957.7,1272.5,852.16,1133.7,253.99,783.72,656.43,703.12,580.39,824.28,666.95,663.91,919.21,1180.1,963.71,827.81,699.25,800.96,741.79,748.67,679.47,770.24,791.09,838.18,802.48,625.39,710.25,661.03,750.94,683.56,689.93,661.07,484.4,415.18,826.05,632.44,1523.4,824.18,821.39,1016.7,915.72,1165,722.62,916.3,958,771.84,1503.1,781.78,680.73,698.29,596.76,650.27,859.88,1492.7,698.4,731.98,965.65,960.3,605.87,679.02,572.56,793.63,853.54,694.01,540.05,1233.6,1503.1,1318.6,889.47,1390.2,919.25,1037.4,535.87,655.9,1010.6,809.89,1467.2,896.18,1286.4,850.92,864.72,580.82,829.31,647.36,799.42,639.41,615.21,679.28,1232.6,733.22,645.72,936.98,758.16,977.67,810.91,1000.7,1008.1,700.73,662.45,908.86,687.18,539.77,1178,698.64,1064.5,916.02,1020,843.54,975.65,1329.6,954.45,582.69,930.71,953.89,706.45,801.01,880.48,557.49,683.55,615.26,1101.4,520.23,616.82,575.9,827.34,786.03,842.35,254.22,677.52,689.48,940.83,694,1604.2,1069,863.41,1239.4,715.6,639.46,390.09,828.37,778.19,964.99,617.88,620.52,393.63,591.9,619.6,616.46,249.81,377.93,377.28,131,407.88,253.95,413.7,235.3,461.42,395.69,459.68,241.79,344.54,507.11,529.22,507.01,381.46,387.29,458.01,629.87,407.04,384.62,488.11,797.39,413.28,259.15,550.82,732.67,407.61,493.7,588.1,353.11,457.57,560.34,526.75,323.93,609.59,426.92,401.71,943.75,622.55,569.91,586.52,594.67,413.13,365.15,373.87,64.258,405.69,385.02,394,445.2,451.7,447.19,446.63,662.09,652.66,691.01,759.52,673.05,537.25,714.76,711.63,711.32,551.83,646.57,751.11,642.21,748.25,722.78,742.43,681.75,649.17,724.72,752.39,628.44,705.27,701.08,766.9,691.28,722.94,692.54,792.83,661.51,747.27,573.72,804.89,712.01,773.28,485.02,801.96,691.63,793.99,219.61,804.58,704.11,769.63,500.63,797.84,675.57,697.36,721.87,766.36,706.75,656.16,813.58,798.55,765.81,664.82,835.99,767.5,810.85,673.81,843.33,867.41,829.47,702.62,862.59,593.91,841.34,712.32,821.24,965.2,827.76,725.59,805.09,460.91,832.81,727.34,750.79,700.86,827.88,746.67,686.93,681.03,825.59,767.68,663.35,722.43,806.98,783.36,680.75,749.38,748.2,785.98,686.77,740.23,732.77,803.57,693.95,750.35,665.9,827.56,719.51,728.12,671.92,816.62,709.01,748.77,681.19,821.14,740.25,767.08,675.03,811.92,724.92,722.98,696.73,702.31,624.22,690.32,701.33,633.7,636.15,684.17,699.52,658.03,652.88,741.83,687.06,680.21,666,714.79,653.96,660.54,679.58,703.34,616.58,738.19,617.27,788.87,564.57,564.42,1430.8,733.7,563.46,509.04,243.8,666.62,526.46,550.72,328.8,641.84,580.12,559.21,425.69,575.23,527.99,546.86,441.87,596.43,422.51,565.04,442.4,570.71,358.17,557.62,444.31,608.53,456.62,565.16,456.28,668.86,436.19,555.14,503.22,619.48,440.49,613.47,511.44,620.82,484.01,492.13,437.59,644.68,712.09,453.42,430.84,649.96,576.58,596.51,564.23,304.39,560.09,560.38,553.72,930.6,590.01,633.86,458.92,476.42,410.09,568.72,298.41,438.86,525.28,478.29,550.95,411.34,520.19,482.18,448.16,524.41,413.96,521.26,546.25,393.83,632.19,597.87,549.16,550.78,569.26,474.01,540.37,444.87,545.24,551.68,421.62,421.28,430.67,356.2,334.07,419.98,314.66,246.61,425.56,530.61,455.91,451.43,471.12,299.36,402.94,362.05,369.13,293.32,398.6,207.89,104.37,432.67,346.85,248.43,526.27,465.65,551.54,267.45,429.4,401.31,393.43,298.24,408.68,461.76,547.66,290.34,550.02,446.02,601.98,588.1,451.97,550.03,573.78,677.47,340.36,503.33,517.7,208.06,313.57,367.55,365.51,227.48,378.81,391.69,398.5,263.97,526.32,394.15,648.83,527.3,353.5,587.07,563.04,525.38,460.49,347.97,472.47,500.62,540.94,523.41,427.28,450.36,410.54,518.86,297.7,588.93,510.55,555.6,392.22,566.97,602.09,544.87,563.02,360.75,270.89,313.17,601.87,504.42,484.47,397.81,409.54,601.33,270.99,603.94,423.54,209.75,231.8,457.45,143.21,422.34,276.46,564.53,1231,451.94,314.62,519.52,1013.8,388.52,378.46,261.22,524.69,267.93,793.42,273.81,443.9,328.38,498.44,275.53,368.93,508.2,362.8,317.25,301.76,553.92,238.34,322.41,569.16,1245.7,473.2,736.63,176.41,633.44,1342.4,1072.6,771.28,968.63,937.34,823.25,1071.3,885.63,795.79,740.2,420.78,832.6,794.34,372.65,864.57,885.83,963.91,944.81,1376.1,1169.7,1293.7,68.13,706.36,984.97,441.37,959.12,661.14,1109.2,861.85,1076.6,243.78,897.88,997,539.6,652.75,467.35,423.28,1224.6,328.71,271.81,291.76,1093.8,341.04,325.85,1192.7,170.69,499.55,440.28,1819.8,320.16,411.98,947.99,645.17,423.96,1893.9,617.46,1167.1,942.02,421.19,332.85,890.62,1500,685.19,839.65,971.59,796.67,1206,923.29,1282.4,1217.9,991.12,1112.5,914.35,952.1,943.52,894.83,542.53,807.92,1406.6,692.21,1153.3,1163.1,1096.5,920.39,787.85,1370.4,1122.9,1113.2,1194.3,1050.3,860.41,1251.8,823.04,1273.9,1155.7,1094.6,1357.2,971.67,679.96,1184.4,1213.6,1135.3,1041.5,677.7,808.04,825.21,1571.7,670.95,730.53,823.66,1153.3,901.79,842.81,1311.7,817.95,963.69,829.09,885.21,969.9,1224.3,1289.8,969.76,912.3,882.25,974.04,1104.9,737.62,949.16,1264.7,1037.6,1034.9,1344.9,936.06,671.8,956.02,1155.6,1115.8,1093.8,921.11,1236.7,1022.8,864.89,1046.9,1350.6,968.42,1237.2,1028.6,1138,1039.4,822.97,1174.9,1050.1,912.9,599.55,1275.2,992.27,1085.1,1066.4,946.65,884.47,818.27,976.42,851.93,610.18,945.41,804.56,874.48,1140.6,1014.4,923.99,674.14,907.92,899.06,916.81,844.95,695.95,1105.8,840.65,916.44,430.37,1093.9,1005,815.6,970.81,863.15,1035.2,1026.6,1410.8,1085.5,859.92,693.54,1009,1134.1,780.21,1173.9,1056.4,1015.3,850.62,1002.9,1066.7,1021.2,1535.7,623,795.69,1199.6,1064.9,849.3,1017.4,850.71,1165.1,1289.4,1226.5,1109.9,1351.7,1105.9,736.98,547.09,694.52,956.88,1150.8,968.98,1065.8,1403.2,1276,1188.8,1313.2,1105,1081.4,910.55
1712.8,1368.1,1772.8,2473.1,1605.6,1609.7,1647.9,2245.3,1419.8,1753.3,1794.5,1270.5,2091.7,1432,2324.2,1707.3,1440.6,2177.4,1690.7,1694.7,1143.5,1998.1,1269.5,1148.8,1877.2,1371.2,1379.7,2205.9,1534.5,1471.2,932.65,1113.5,1419.9,1743.8,1763.4,1173.2,1917.1,1499.3,1596.2,1176.8,855.87,991.62,1299.5,1169.2,1017.8,1167,1768,1669.1,1327,1673.2,1997.9,2436.6,1669.6,2275.7,2025.2,1592,1874.1,1754.2,1462,1533.4,1529.7,1362,1926.5,1816.5,1870.3,2444.6,1557.6,1924.3,1936.8,1624,1420.3,1842.1,1582.4,1285.6,1696.9,1264.5,2429.2,2135.9,2082.5,1327.5,1877.3,2232.3,1645.1,2106.6,1708.1,2213.9,1721.1,1566.6,1513.7,2282.3,1873.2,1533.2,1804.3,2060.7,1445.1,1492.8,1644.5,1149.7,1863.9,1788.1,2364.2,1419.6,2116.9,1749.3,1656.1,1420.6,1160.9,1482.7,1402.9,1620.9,1654.5,1445,1503,1548.9,1871.5,1568.7,1829.5,1599.6,1699.9,1578.3,2272,1943.4,1753,1788.5,1957.4,1524.3,1118.3,1382.5,1696.7,1794.5,1711.6,1789.3,1583.8,1697.4,2018.2,1700.7,1803,1524.1,1966.2,2188,1878.8,1312.9,2290.3,1785.8,1083.1,1243.3,2187.3,1094.7,1639.4,1395.6,1377,1747.7,1851.4,1538.3,2064.4,2389.8,646.42,2354.8,2174.5,2186.6,2132.2,1807.8,1271.2,1004.2,697.38,846.61,771.65,708.63,841.24,672.25,825.18,769.62,811.49,699.34,770.91,951.59,1460.5,902.57,758.19,723.16,873.77,1085.5,791.8,684.14,865.93,1202.1,775.74,479.11,1012.5,1181.8,812.23,563.88,1296.6,1271.2,592.76,1217.8,1090,1335.1,1144.3,910.17,1011.4,3144.5,1108.6,1339.8,1349.8,1380.8,1049.5,892.11,1057.6,722.57,1008.7,994.52,1300,1178.2,1087,1841,1405.2,1004.3,942.45,984.14,1434.2,1172,805.95,1209,1483.7,1286.6,915.64,1214.3,1273.3,1108,1168.7,1365.9,1428.4,1212.2,1083.6,1331.9,1375.1,1000.1,1250.5,1375.6,1592.2,1231.1,1163.5,1330.7,1462.5,1323.9,1157,1294.5,1370.8,1370.8,1277.5,1204.6,1324.2,1351.6,1322.7,1117.8,1304.2,1384.8,1361.3,1270.2,1304.2,1461.6,1458.6,1302.2,1295.2,1466,1454.2,1311.1,1312,1435.3,1382.4,1318.5,1247.7,1398.9,1304.7,1325.6,983.02,1378.2,1419.3,1363.5,1420.5,1369.6,1363.5,1366.6,1773.3,1347.5,1397.1,1368.3,1120.7,1353.1,1424.5,1355.9,1174.7,1353.2,1469.5,1375.7,1262.9,1387.5,1485.1,1362.6,1252.2,1382,1565.7,1394.7,1253,1435.4,1580,1371.3,1170.7,1487.7,1586.3,1209.2,1163.5,1453.9,1624.6,1003.7,1102.7,1515,1375.7,1060.6,1100.6,1646.4,1171,1058.1,1191.7,1586.6,1117.3,1069.6,1183.2,1478.5,1125.7,1024.5,1131.7,1326.5,1083.1,1047.5,1173.3,1220.3,1099.5,1057.5,1286.5,1190.5,1188.3,1107.2,1199.5,1270.5,1153.1,1219.6,1081.3,1384.7,868.32,1325,1133.9,1417.2,1033.7,2805.3,1334,1355.7,1027.1,1525,1132,1506,1033.1,1444,1217.5,1684.2,1062.7,1370.4,1217.3,1309,1078.2,1311.3,1298.4,1304.6,1089.8,1354.1,1242.3,1294,1076,1320.7,1287.7,1326.1,1085.4,1468.7,1274.5,1366.4,1091.6,1412.1,1348.1,1452.4,1172,1140.2,1320.1,1212.1,1151.6,1357.1,1257,1374.6,989.52,1306.4,1001.3,1123.3,1456.2,916.26,1579.9,1196.5,1445.8,1096.3,2139.4,1252.5,2086.1,1377.3,1192,824.52,705.68,1165.8,864.03,1474.5,1247.9,1069.7,824.89,799.56,1311.3,591.64,922.46,1127.1,959.91,975.21,857.21,1304.5,1342.5,836.01,1291.1,1253,622.3,1455.6,544.83,933.92,1214.7,816.43,822.5,810.37,781.22,840.74,794.84,760.67,729.06,860.81,969.57,1619.5,1112.7,784.22,1093,850.62,752.57,1363.5,733.42,765.92,592.46,376.57,829.57,1135.9,707.14,1097.4,1066,1010.1,1146.4,1082.6,801.04,1115.6,810.95,878.62,1153,1039.8,889.64,1056.2,614.2,1019.6,1023.1,1130.4,1011.7,1153.7,1075,766.07,1216.3,994.64,759.77,737.45,763.01,646.42,943.36,749.73,764.19,1598.5,925.85,1006.5,1134.9,1004.3,967.15,525.12,1010.7,998.26,872.77,838.76,777.8,847.04,908.21,956.21,978.69,853.35,753.87,787.47,1773,753.16,1585.4,1554.6,2076,756.24,1608.8,1793.4,1827.5,1731,1282.5,1482.3,793.47,1824.4,535,743.68,773.2,814.87,1928.4,654.76,1597.5,1396.1,626.56,660.81,855.62,717.58,1003.4,788.87,1423.7,1721.4,1419.6,625.96,2083.8,1551.5,1447.1,1799.7,1399.7,1563.7,1742.3,2142.9,1406.3,1556.1,1787.9,1572.1,1288.2,1709.7,2261.1,1948.3,1195.6,2120.4,1619.2,1498.7,1151.9,847.5,1705,1449.2,1225,1173.1,1653.3,1360.3,1996.1,1247.7,1462.2,1522.4,1456.4,1826.5,1558.8,1731.4,932.65,1739.1,1444.8,1215.2,1571.7,1201,1982.8,2017.1,1333.5,2260.2,1971.7,1661,1234.4,1610.6,2129.9,1821.1,1706.4,1857.8,1361.1,2165.1,2239.9,1075.2,2110.1,2580,1130,2201.1,2146.9,1900.7,2371,1655.7,1632.6,1414.8,1621.9,1731.7,1282.7,2151,1362.8,1615.4,1640.7,2132.6,1402.2,1530.7,2031.9,1585,1400.5,2398.5,1446.5,1658.4,2269.4,1293,1321.5,1344.2,2072.7,1333,1151,1500.2,1375.8,1907.3,1404.5,1978,1510.7,1450.3,1633.8,1461.5,2014.6,1733.7,1254.1,1353.7,1840.1,2449.1,1426,1619.7,1502.4,1703,1631.1,1584.7,2367.6,1853.5,1546.9,1578.3,1638.5,1519.9,1354.2,1377.4,1445.8,1599.5,1323.1,1751.9,1376.9,2011,1700.9,2042.1,1944.2,1862.2,1632.8,1896.5,1604.1,2103.6,1874.2,1424.3,1656.3,1631.5,1524.3,1676.4,1662.8,1588.6,1485.1,1429.6,1582,1791.4,1659.1,1366.5,1348.6,1533.2,1507.2,1455.1,1575.6,1424.5,1381.1,2203.1,1456.3,1486.5,2426.8,1639.9,1623.7,1422.1,1412,1580.7,1502.7,1356.9,1588.6,1485.5,1363.6,1615.3,1976.1,1524.7,1462,1381.3,1850.7,1444.3,1294.6,1615.8,1681.6,1406.9,1637.4,1850.4,2335.3,1675.2,1877.7,2113.3,1732.9,1944.9,1962.5,1259.4,1417.2,1855.1,1594.4,1527.2,1425.6,2187.8,2105.9,1204.3,961.47,1385.2,1207.3,1380.5,1353.9,1855.1,1339.3,1621.6,1570.8,1498.1,1512.9,1439.6,1384.3,1501.6,1491.5,1549.4,1568.4,1610.5,1243.1,1979.4,1617.2,1585.1,1529,1500.6,1488.6,1494.8,1590.6,1446.3,1626.5,1465.6,1987.8,2037.2,1710,1726.3,1580.5,1519.6,1470.9,1461.7,1359.9,1455,1636,1481.1,1913.1,1665.5,1806.6,1618.8,1629.7,1712.8,1607.9,1507,1549.9,2377.8,1277,1754,2378.7,1623.9,1566.3,1299.5
2133.6,3049.9,2708,2511.9,2731.8,2474,2233.4,2723.8,2409.2,2610.7,2266.4,2543.7,2605.1,2153.3,2572.6,2767.2,2549,2797.7,2876.5,2709,2349.4,3021.5,2720.3,2449.2,2790.6,2472.5,2371.4,2855.5,2534.2,2144,2437.9,2570.7,2904.4,1984.4,2943.6,2227.1,2955.9,2802.6,2166.3,2707.5,2647.4,2777.3,2603.6,2704.3,2615,2244.4,3007.3,2824.3,2777.6,2618.5,3347.2,3139.3,2448.9,2701.6,2438.4,2666.6,2679.1,2902.9,2647,2724.9,2046.8,2814.4,2825.2,2644.1,1904.4,3102.5,2369.8,3362.3,2710.1,2594.3,2437.6,2307.9,2292.4,2597.9,2287.6,2485.9,2603.6,2719.5,2510.2,2677,3388.9,3299.4,2761.6,3182.2,2912.5,3205,2174.1,2613.5,2669.3,2602.7,3252.4,2070.7,2783.5,2401.2,2288.8,2428.1,2258.7,2573.8,2365.7,2942.8,2867.4,2596.7,2550,2466.6,2333.3,2473.6,2162.7,2440.9,2350.4,2594.1,2591.5,2852,2223.1,2463.2,2669,2575.4,3142.5,2691.1,2914,2538.6,3035.3,2668.6,2507.7,2942.8,2602,2279.8,2482.9,2569.7,2672.4,2467.9,2607.9,2372.2,2415.4,2476.1,2963.4,2525.4,2618.5,2511.3,3083.7,2749.3,2277.7,2634.5,2793.2,2495,2089.4,2294.7,2432.6,2266.7,1881.9,2725.9,3001.3,2459.2,2516.5,2746.1,2501.7,3237.9,1974.2,3318.4,2692.6,2577.3,2549.8,2654.3,2296.9,2185,2117.8,2317.8,2714.5,2934.8,2189.1,1792.3,3201.6,3353.7,2019.5,1485.8,3132.5,3218.4,3218.9,3002,1410.8,1294.2,3122.2,3176.3,1305.8,1452.7,1251,3220.1,1229,911.06,3213.6,3258.2,1351.7,1312.8,3215.1,1364.3,1171.8,3185.7,3117.9,3126.5,3130,3143.9,3153.8,3197.6,3026,3141.4,3137.1,3272.2,3103.5,2932.9,2909.5,2911,2892.2,2908.4,2999.7,2935.1,2938.8,3104.1,1888.1,1857.1,1792.2,1911.4,2019,2002.3,2094.8,1936.8,1979,1962.5,2139.6,1863.1,1981.4,2041.2,2036.4,1881.5,1929.5,1908.4,2049.9,1880.6,1937.4,2026.4,1842.3,1868,1887.5,1804,2043.7,1907.3,1868.2,1792.6,1970.3,1991.5,1818.4,1790.3,1915.5,1955.6,1777.9,1798.4,1761.2,1870.1,1761.7,1803.4,1750.7,1784.8,1773.2,1820.9,1834.6,1767.2,1781.7,1824,1808.8,1757.5,1758.4,1814.9,1787.8,1745.8,1828.5,1799.5,1736.7,1755.6,1867.3,1814.6,1789.5,1814,1774.4,1813.4,1794.2,1813.5,2913.4,1804.6,1817.1,1791.9,1776.2,1804.8,1841.6,1776.3,1837.2,1803.3,1866.3,1944.5,1864.5,1869.6,1903.6,2084.5,1635.7,1874.3,1926.3,2001.9,1834.2,1968.6,1978.6,2045.6,2266,2150.8,2011.7,2017.3,2104.8,2291,2023.3,2109.6,2161.4,2298.1,2100.8,2157.5,2257.3,2501.4,2222.6,2179.2,2200.3,2246.8,2326.3,2516,2595,2279.3,2798.5,2684.6,2507.4,2490.4,2916.1,2997,2846.3,2551.8,2752.9,2783.9,2607.6,2594.3,2629.3,2822.2,2905.1,2568,2581.6,2829.3,2500,2689.7,2617,2784.5,3052.9,2735.4,2732.8,3324.1,3193.2,2613.2,2764.6,2707.9,2545.7,2878.5,2730.4,2635.9,2729.7,2871.6,2751.7,2509.2,2591.4,2718.5,2806.9,2595.6,3076,2702.2,2766.9,2614.2,2868.4,2580.9,2756.4,2586.1,2694.7,2474.8,2713.4,2573.2,2663.8,2582.8,2841.8,2798.6,2685.6,2527.1,2800.9,2756.2,2712.2,2697.5,2518.5,2695.9,2689.8,2937.8,1971.5,2572.7,2328.4,2975.3,3290.1,2714.8,2357.9,3093.3,1669.8,2566.5,3121.8,3147.6,3230.4,2197.4,1368.3,2230.6,2024.2,2085.4,2671,3269.3,3047.4,2902.2,2361,1049.2,2919.4,1620.7,3069.4,1721.8,988.42,1433.5,1608.5,3135.9,3195.1,1342.3,3154.2,3090.3,1500.7,3165.2,1195.8,3167.4,3189.9,1425.8,1541.9,2140.9,1532.8,1577.8,1525.1,1407.1,1487.7,1586.5,3123.6,3230.7,3245.4,797.86,3187.9,1186.8,1421.8,3135.1,1476.8,1330.7,1757.8,1216.7,1104.2,3066.4,1151.6,3088.6,3082.4,3360.2,3086.5,3094.1,3268,3089.3,2706.9,1429.7,3074.2,2662.3,1804.8,3101.9,1017.2,3045.9,3156.3,3065.8,3182.7,3104.8,2927.3,1579.4,3015.9,3021.5,1710.9,1513.8,1700.5,1731.6,1308.5,1173.8,1728.2,3335.3,1610.5,2504.5,2982.1,3100.3,3078.1,1074.8,3282.6,2193.8,3063.4,1827.1,1747,2873.7,3117.2,3254.7,3123.8,1934.4,1930.8,2077.9,3218.3,2126.2,3249,2958.1,3098.3,1970.2,2855.7,3154,3309.9,3263.5,1759.2,1562.3,2056.3,3322.7,1985.7,2326.2,1938.3,2304.7,3248.2,2258.5,2993.6,2121.2,2182.9,2148.9,1734.5,1995.6,2561.6,3064.8,3458.6,3236.9,1955.2,2073.6,2902.4,3123.7,3260,3394.1,1880.8,2766.3,2025.5,3406.5,2988.5,2138.4,2949.3,2263.2,2464.2,2948.7,3289.2,3281.7,2345.6,3271.1,3382.2,2322.9,2024.4,2662.9,3097.9,2320.1,2079,2941.6,3033.5,2942.9,3293.7,2928.9,2395.5,2124.2,2033.8,2299.5,2224.4,2794.4,1680.9,2321.7,2180.4,1836.2,2044.7,2328.1,2544.2,2395.8,2232.5,3688,3299.7,2914.8,2128.8,2327.4,2439.6,2587.2,2941.4,3243.5,2974.3,2524.8,3410.3,2273.4,2986.4,4000,2626.4,3040.4,2403.2,2107.4,3602.3,2210,2194.6,2291.8,3263.9,2476.4,2287.9,2621.2,2204.7,2775.6,2284.5,3431.1,2346.9,2366,3133.4,2350.5,2206.1,3052.3,2632.9,3006.1,3029.4,2131.3,2237.4,2213.5,3271.4,2343.2,2299.7,2294.8,2254.5,2904.9,2239.5,2319.1,2322.6,2682.4,1977.4,2429.5,2769.1,2039.8,2266.9,2310.2,2319,3236.3,2611.5,2488.7,2429.2,2960.5,3167.8,2692.2,3022.7,2509.8,2676.6,3004.4,2463.8,2634.6,1773.2,2535.1,2550.2,2513.3,2192,2796.5,2728.6,2494.9,2600.4,2664,2548.6,2335.9,2514.5,2413.1,2469.1,2557.5,2599.7,2079.8,2411.2,2362,2277.6,2382.8,2380.8,2112.6,2415.5,2533.1,2116.1,2471.2,2694.5,2484.3,2563.3,2571.4,2330.6,2610.1,2438.2,2376.3,2570.1,2624.8,2561.8,2453.4,3253.2,2417.4,2493,2495.8,2453.9,2543.3,2469.8,2389.8,2653,2409.3,2298.8,2782.9,3150.9,2355.7,1798.6,2249.3,2011.5,2958.1,2131.8,2525.2,2183.7,2502.1,2244.6,2692.7,3307.8,2253.5,2456.6,2382.3,2459.6,3336.8,2536.1,2671.6,2973.7,2136.2,2227.5,2334.8,2479.2,3157.2,2430.9,2347.6,2272.3,2611.5,2718.4,2343.4,2714.4,2963,2454.8,2014.9,2488.1,2434,2568.7,2728.9,2514.2,2725.5,2495.3,2208.2,2468,2260.7,2538.8,2524.3,2543.3,2326.4,2458.6,2624.5,2340.9,2546,2602,2659.4,2448.7,2477.6,2965.9,2364.9,2717.1,2691.3,2610.3,2389.4,2699.2,2502.1,2621.2,2494.8,2562.6,2592.6,2515.9,2588.6,2700.8,2542.2,2626.2,2245.8,3068.4,2248.9,2286.8,3271.3,2228.8,2283.2,2499.8,2409.2,2430,2360.4
3203.9,3710.4,3395.9,4000,2919.2,3177.4,3551.8,4000,3337.4,3231.6,3514.7,3118.5,4000,2855.2,4000,4000,3073.2,4000,4000,3656.6,3781.7,4000,3255,3474.7,3617.9,3204,2838,4000,3174.2,3569,3474.1,3757.4,3209.7,3254.7,4000,3003.8,4000,3196.4,3515.6,3581.8,3239.3,3588.8,3287.7,3077,3021.7,3347,3792.4,3610.9,3460.8,3163.5,4000,0,3139.4,4000,2979.2,3040.9,3505.7,4000,3569.7,3739.2,3487.2,3231.7,4000,3869.2,3170.8,4000,4000,0,4000,4000,3017.3,3615,3402.6,3523,3974.1,3232,4000,3063.8,3561.3,4000,4000,4000,3307.3,4000,4000,4000,3192.2,3349.6,3322.4,4000,4000,3535.1,3297.5,3355.2,3238.9,3677.3,4000,3373.6,4000,4000,4000,3684.9,4000,4000,3670.7,3304.2,3352.6,3570.1,3200.9,3724.5,3698.1,3115.9,3063.4,3045.9,3313.8,3436.7,4000,3246.3,4000,2982.9,4000,3352.5,3425.2,4000,4000,3588.9,3549.1,3440.2,4000,3509,3487.9,3255.2,3232.4,3415.5,3799,3481.6,3168.2,3532.4,3506.7,4000,3344.6,3090.4,4000,3374.8,2903.9,3397.9,4000,3186.6,3155.1,2913.3,3486.7,3128.5,3737,3135.3,4000,4000,3000.6,0,4000,4000,4000,4000,3221.1,3019,3319,2988.2,4000,4000,3105.5,3017.3,4000,0,3269.9,3202.2,0,4000,4000,4000,3012.6,3245.3,4000,4000,3336.3,3273,3327.8,4000,3344,3270.9,4000,4000,3438.9,3299,4000,3186,3193.2,4000,4000,4000,4000,4000,4000,0,4000,4000,4000,4000,3176.1,3191,3267.1,3300.1,3113.4,3109.8,3120.7,3162.8,3171.1,4000,3161.4,3203.3,3109.5,3152,3184.1,3014.7,3182,3168.8,3239.7,3190.2,3230.3,3013.8,3124.8,3334.5,3110.6,3146.5,3228.2,3282.4,3182.1,3166.2,3332.6,3305.7,3294.9,3243.5,3296.9,3244.9,3288.6,3197.4,3321,3601.1,3095.4,3286.6,3341.2,3339,3087.4,3189,3379.7,3554.1,3081.5,3243.4,3336.8,3096.8,3333.8,3199.2,3375.2,3195.3,4000,3241.1,3261.1,3240.4,3270.9,3256.5,3245.9,3379.8,3280.4,3348.5,3212.3,3279.8,3295,3446.1,3274.9,3432.8,3276.2,3294.7,3127.8,3297.9,3415.2,3412.4,4000,3216.1,3447.2,3398.4,3316.7,3324.8,3253,3293,3358.4,3343.9,3311.1,3308.3,3460.5,3317,3351.2,3201.6,3341.1,3304.6,3303.8,3171.1,3234.1,3238.8,3261.7,3420.7,3323.9,3299.1,3234.7,3372.9,3125.7,3139.3,3161.6,3304.5,3307.9,3221.1,3186.4,3313.8,3248.2,3158.7,3190.6,3281.2,3236.5,3238.9,3273.2,3228,3193.1,3254.8,3218.9,3215.3,3202.8,3291.2,3286.5,3339,3186,3294.8,3262.6,3343,3176.9,3293.1,3244.5,3286.4,3101.6,3264.6,3250.9,3255.9,3252.9,3194.9,3230.1,3267.8,3227.9,3156.9,3259.8,0,3203.8,3058.5,3262.8,3329.7,3410.4,2969,3244.1,3373.6,3366,4000,3248.2,3366.2,3339.3,3103.4,3272.8,3393.2,3364.9,3138.5,3244.3,3361.1,3249.3,3211.4,3259.1,3390,3223.1,3353,3238.3,3255.9,3245.1,3412.7,3226.3,3289.7,3085.5,3049.9,4000,3307.2,4000,3111,3274.9,3107.6,2916.6,4000,3250.3,2989.6,2918.8,0,4000,3251.2,3242.4,4000,3081.7,3201.3,0,4000,0,3159.8,3064,3173.4,3129.1,3244.8,3145.2,4000,4000,4000,3128.9,2995.7,4000,3284.5,4000,3213.4,2916,3067.5,3275.9,0,0,3204.5,4000,4000,3246.1,0,3183.7,0,4000,3182.9,3247.7,3259.1,3174.5,3190.8,3257.8,3215.5,3305.9,3177,4000,0,4000,3180.5,4000,3296.3,2957.2,0,3259.9,3071.1,3335.1,3110.6,3068.9,4000,3424.7,4000,4000,0,4000,4000,0,4000,4000,2962,4000,4000,2720.5,0,3254.2,4000,4000,4000,0,0,0,3120.1,0,4000,3307.3,3261.2,3247.5,2815.6,3115.9,3365.5,3184,0,3038.4,4000,4000,4000,4000,3266.1,0,4000,4000,3158.1,3218.8,4000,0,0,4000,3244.4,3242.8,3312.6,4000,3214.5,4000,4000,0,2917,4000,4000,0,0,3231.4,3268.5,3618.9,4000,3355.6,3268,3447.8,3361.7,0,3303.7,4000,3517.2,3416.9,2934.7,3465.8,3044.7,3051.7,3358,0,4000,3389.4,3538.7,4000,4000,4000,4000,3074.2,4000,2922,0,4000,3177,4000,3293.5,3350.4,4000,4000,4000,3289.3,4000,4000,3039.6,3217.4,3185.3,4000,3132.7,3585.1,3231.7,4000,4000,4000,4000,3196.7,3331.2,2839.5,4000,3490.6,4000,3099.5,3161.2,3281.8,3213.8,3298.6,3237,4000,4000,3203.3,0,0,4000,3272.9,3498.7,4000,4000,4000,4000,4000,4000,0,3256.5,0,4000,3643.6,4000,4000,3485.8,0,3118.6,3139.6,3174.9,4000,4000,3185,4000,3528.3,4000,2803,0,3673.6,2956.8,4000,2754.1,3129.1,0,4000,4000,4000,3305.4,2741.5,3000.5,4000,3187,3088.5,2976.3,3713.7,4000,3448.3,3285.3,3397.8,3166.8,3252.1,3174.8,4000,3236.7,2869.1,2972.1,3399.5,0,3351.3,4000,4000,4000,3210.2,3094.7,4000,3531.8,3381.7,3385,3333.7,4000,3564.2,3171.3,4000,3091.4,3392.2,4000,3223.3,3012.9,3547,4000,3472.2,3220.2,4000,3121.5,3185.7,4000,3201,3105.1,3342.5,3583.9,3601.2,3431.4,3756.2,3407.6,3294.6,3093.6,3145.2,3205.1,4000,4000,4000,3076.7,3579.4,3261,3610.9,3102.6,3195.5,4000,3601.1,2836.8,0,3303.3,3268.1,3266.3,3516.2,3272,3413.1,3368.3,3123,3277.2,3242,3628.9,4000,3430.4,3440.5,3663.5,3212.7,3291.1,3282.7,3461.6,3514.9,3257.1,3118.9,4000,4000,3247.3,3245.8,3371.6,3030.6,4000,3169.1,3340.8,4000,3258.1,3342.4,3095.7,4000,4000,2892,2975,3223.3,4000,3427.5,2993.2,3107.6,4000,3051.6,3035.5,3266.5,3431.4,3016,3170.3,3257.4,3266.4,3172.9,3024.3,3138.7,3402.6,3320.8,3581.9,4000,3092.1,3161.6,4000,3212.4,2962.6,4000,3126.4,2995.3,3702.5,4000,3090.9,4000,4000,3412.1,2826.8,3339.1,3503.5,3277.1,3460,3140,3057,4000,3429.2,3349.5,2946.9,2905,3499.5,4000,3104.2,3395.9,4000,3225.2,3167.1,4000,2961.5,3226.9,3000.1
0,0,0,0,0,0,0,0,0,0,0,0,4000,0,0,0,0,4000,0,0,0,0,0,0,0,0,0,0,0,0,0,0,0,0,0,0,0,0,0,0,0,0,0,0,0,0,0,0,0,0,0,0,0,0,0,0,0,4000,0,0,0,0,4000,0,0,0,0,0,0,4000,0,0,0,0,0,0,0,0,0,4000,0,0,0,0,4000,0,0,0,0,0,0,0,0,0,0,0,4000,0,4000,0,0,0,0,0,0,0,0,0,0,0,0,0,0,0,0,0,0,0,0,0,0,0,0,0,0,0,0,0,4000,0,0,0,0,0,0,0,0,0,0,0,0,0,0,0,0,0,0,0,0,0,0,0,0,0,4000,0,0,0,0,0,0,0,0,0,0,0,0,0,0,0,0,0,0,0,0,0,0,0,0,0,0,0,0,0,0,0,0,0,0,0,0,0,0,0,0,0,0,0,0,0,4000,0,0,0,0,0,0,0,0,0,0,0,0,0,0,0,0,0,0,0,0,0,0,0,0,0,0,0,0,0,0,0,0,0,0,0,0,0,0,0,0,0,0,0,0,0,0,0,0,0,0,0,0,0,0,0,0,0,0,0,0,0,0,0,0,0,0,0,0,0,0,0,0,0,0,0,0,0,0,0,0,0,0,0,0,0,0,0,0,0,0,0,0,0,0,0,0,0,0,0,0,0,0,0,0,0,0,0,0,0,0,0,0,0,0,0,0,0,0,0,0,0,0,0,0,0,0,0,0,0,0,0,0,0,0,0,0,0,0,0,0,0,0,0,0,0,0,0,0,0,0,0,0,0,0,0,0,0,0,0,0,0,0,0,0,0,0,0,0,0,0,0,0,0,0,0,0,0,0,0,0,0,0,0,0,0,0,0,0,0,0,0,4000,0,0,0,0,0,0,0,0,0,0,0,0,0,0,0,0,0,0,0,0,0,0,0,0,0,0,0,0,0,0,0,0,0,0,0,0,0,0,0,0,0,0,0,0,0,0,0,0,0,0,0,0,0,0,0,0,0,0,0,0,0,0,0,0,0,0,0,0,0,0,0,0,0,0,0,0,0,0,0,0,0,0,0,0,0,0,0,0,0,0,0,0,0,0,0,0,0,0,0,0,0,0,0,0,0,0,0,0,0,0,0,0,0,0,0,0,0,0,0,0,0,0,0,0,0,0,0,0,0,0,0,0,0,0,0,0,0,0,0,0,0,0,0,0,0,0,0,0,0,0,0,0,0,0,0,0,4000,0,0,0,0,0,0,0,4000,0,0,0,0,0,0,0,0,0,0,0,0,0,0,0,4000,0,0,0,0,0,0,0,0,0,0,0,0,0,0,0,0,0,0,0,0,0,0,0,0,0,0,0,0,0,0,0,0,0,0,0,0,0,0,0,0,0,0,0,0,0,0,0,0,0,0,0,0,4000,0,0,0,0,0,0,0,0,0,0,0,0,0,0,0,0,0,0,0,0,0,0,0,0,4000,4000,0,0,0,0,0,0,0,0,4000,0,0,4000,0,0,0,0,0,0,0,0,0,4000,0,0,0,0,0,0,0,0,0,0,0,0,0,0,0,0,0,4000,0,0,0,0,0,0,0,0,0,0,0,0,0,0,0,0,0,0,0,0,0,0,0,0,0,0,0,0,0,0,0,0,4000,0,0,0,0,0,0,0,0,4000,0,0,0,4000,0,0,0,0,4000,0,0,0,0,0,0,0,0,0,0,0,0,0,0,0,0,0,0,4000,0,0,0,0,0,4000,0,0,0,0,0,4000,0,0,0,0,0,0,0,0,0,0,0,0,0,0,0,4000,0,0,0,0,0,0,0,0,0
0.00013145,0.00017639,0.00011945,0.00011647,9.0834e-05,0.00014701,5.212e-05,7.8744e-05,0.00019016,0.00017508,0.00028447,0.00012933,0.00027055,0.0001203,0.00014585,0.00012216,6.0497e-05,0.00034785,3.3753e-05,9.4317e-05,8.8538e-05,0.00013712,6.7308e-05,8.9319e-05,0.00016779,0.00016491,0.0001343,4.3492e-05,0.00019622,0.00010489,0.00015101,0.0001589,0.00020537,0.0001997,0.00028736,0.00019109,0.00021316,0.00027666,0.00025967,0.00018196,0.00015979,3.8189e-05,0.00021792,0.00022511,0.00014719,0.00013104,9.8221e-05,9.6004e-05,0.00013407,0.00015944,3.594e-05,9.871e-05,6.5852e-05,0.00010353,4.0132e-05,0.00011879,0.00012071,0.00011642,8.2515e-05,5.923e-05,2.9457e-05,8.284e-05,0.00018045,0.00011083,0.00015395,0.00016373,0.00010038,0.00011061,0.00018691,0.00012812,0.00013887,3.8704e-05,0.00010623,0.00011061,0.00010874,7.6248e-05,0.00010693,0.00012425,0.0001823,5.8555e-05,0.00016139,0.00014262,8.8523e-05,9.5667e-05,7.126e-05,0.00013657,6.3089e-05,8.2167e-05,2.5583e-05,0.0001076,8.3848e-05,7.7967e-05,9.6239e-05,0.00016311,0.00011547,3.6167e-05,0.00018566,0.00015844,0.00023365,0.00012653,8.0769e-05,0.0001106,0.00010919,6.0973e-05,0.00014277,7.6685e-05,0.00013475,7.4163e-05,5.041e-05,8.5976e-05,0.00011971,3.8569e-05,0.00010097,0.00014088,0.0001642,8.8796e-05,0.00013149,0.00013592,9.2434e-05,0.00016756,0.00016979,0.000207,0.00016884,0.00011512,4.7853e-05,5.0717e-05,3.4475e-05,0.00011533,6.2371e-05,3.6034e-05,0.00017185,5.3527e-05,0.00013181,0.00017643,0.00010791,0.0001114,0.00030839,0.00011897,0.00018215,0.0001563,0.00021814,2.6894e-05,0.00010413,0.0001626,4.7833e-05,9.0707e-05,7.4618e-05,8.4027e-05,7.4473e-05,8.6198e-05,0.00015583,9.7983e-05,3.8154e-05,0.00015586,7.8617e-05,9.8453e-05,0.00017027,0.000304,0.00030429,0.0013508,0.0014144,0.0033274,0.01467,0.019807,0.0059564,0.0041259,0.0055337,0.0086832,0.0046399,0.00668,0.01354,0.0059355,0.011314,0.01113,0.019383,0.015354,0.0077782,0.013281,0.022781,0.013893,0.013861,0.0094509,0.028506,0.018917,0.016122,0.014552,0.029409,0.0039398,0.01663,0.01268,0.03583,0.013943,0.032691,0.016527,0.011306,0.055595,0.036152,0.012411,0.077687,0.067708,0.06972,0.04669,0.07346,0.094158,0.082454,0.044055,0.11559,0.16907,0.16751,0.01901,0.16494,0.2206,0.22973,0.11639,0.16192,0.30146,0.086704,0.13637,0.083705,0.50784,0.45623,0.27556,0.086146,0.77202,0.81432,0.57487,0.20153,0.59592,0.5604,0.46479,0.20955,0.76638,0.89888,0.49797,0.22513,0.77127,0.9213,0.31855,0.33645,0.6697,1.2944,0.52963,0.3464,0.45722,0.94157,0.48055,0.32865,0.39419,0.73745,0.38351,0.37553,0.18674,0.62288,0.33849,0.27237,0.095092,0.68961,0.39337,0.3068,0.14741,0.69177,0.55186,0.3493,0.20713,0.68353,0.51676,0.53524,0.30325,0.59752,0.64023,0.56557,0.33252,0.48414,0.54469,0.3769,0.36322,0.33591,0.63464,0.33607,0.54535,0.21461,0.6119,0.39644,0.46873,0.20296,0.71829,0.34061,0.37548,0.080595,0.72246,0.50276,0.41604,0.16489,0.68653,0.58656,0.3917,0.18585,0.64539,0.74178,0.45585,0.17301,0.56141,0.9494,0.61026,0.32686,0.60917,1.1661,0.7117,0.33728,0.591,1.1888,0.58547,0.41774,0.72432,1.2707,0.41743,0.3676,0.8431,1.0423,0.46868,0.41858,0.9064,0.87827,0.58185,0.448,0.9946,0.6795,0.48093,0.52542,0.87971,0.65328,0.38288,0.33543,0.76369,0.7317,0.45777,0.38924,0.57856,0.50305,0.34083,0.34,0.50814,0.51546,0.36541,0.26329,0.49441,0.40206,0.37395,0.14356,0.44243,0.20918,0.20149,0.1663,0.36424,0.26591,0.19966,0.16899,0.21359,0.27679,0.10963,0.10153,0.21013,0.29911,0.13159,0.1131,0.14514,0.3391,0.1628,0.13959,0.15918,0.46269,0.1416,0.11645,0.11991,0.43646,0.19765,0.11549,0.078384,0.44389,0.19681,0.12387,0.13817,0.52738,0.17689,0.10023,0.18599,0.46761,0.20592,0.065597,0.099634,0.14902,0.078093,0.015621,0.106,0.20379,0.1426,0.059224,0.08778,0.11396,0.11301,0.052319,0.066261,0.14378,0.10323,0.08202,0.10536,0.12532,0.16639,0.13097,0.11799,0.12626,0.11566,0.082071,0.096226,0.11681,0.095845,0.1349,0.10531,0.097073,0.07809,0.089158,0.075485,0.070143,0.029389,0.078337,0.13133,0.059471,0.090438,0.051427,0.070973,0.073565,0.058603,0.10225,0.12084,0.015346,0.090953,0.013846,0.064657,0.086032,0.050774,0.036934,0.045074,0.048197,0.037506,0.018472,0.034923,0.021566,0.014559,0.032266,0.027872,0.019012,0.016565,0.007934,0.01331,0.018873,0.010809,0.015394,0.014879,0.0086265,0.0032803,0.011925,0.0080352,0.0068177,0.011347,0.010246,0.0092455,0.0058963,0.0091533,0.0079798,0.008295,0.0040018,0.0074584,0.0075929,0.0058112,0.0033205,0.0052992,0.0038811,0.010934,0.0048381,0.0078585,0.0086292,0.0027264,0.0017992,0.0076155,0.0073268,0.0064666,0.0026448,0.0062978,0.0081032,0.0036126,0.002119,0.004088,0.0048305,0.0024121,0.0024023,0.0026045,0.0022255,0.00065659,0.0048345,0.00099602,0.0020124,0.002706,0.0018135,0.004024,0.0038081,0.0029337,0.0018939,0.0020407,0.0017019,0.003354,0.0027614,0.002302,0.0033455,0.0017516,0.0011288,0.0010489,0.001693,0.0020186,0.0017193,0.0018419,0.0024257,0.0035945,0.0027165,0.0012522,0.001192,0.003587,0.0004628,0.0014094,0.0023316,0.0027024,0.0016306,0.00056004,0.0011793,0.00065822,0.00054495,0.00073489,0.00063282,0.00040329,0.0005495,0.00083463,0.00047988,0.00068191,0.00081254,0.00075305,0.00099954,0.0004842,0.00087508,0.00087405,0.0011891,0.00084774,0.00054904,0.00039838,0.00095464,0.00078559,0.00065559,0.00050199,0.00066821,0.00080005,0.00068155,0.00030877,0.00070629,0.00063902,0.00040728,0.00068891,0.00045247,9.4372e-05,0.00058333,0.00047788,0.0004104,0.00025265,0.0004975,0.00073531,0.00081982,0.00058291,0.00033879,0.00077835,0.00025989,0.00035613,0.00060574,0.00033612,6.3975e-05,0.00057223,0.00047824,0.00029815,0.00031033,0.00024539,0.00083095,0.0002855,0.00048577,9.5289e-05,0.00030029,9.6207e-05,0.00018023,0.00048194,0.00037269,0.00026451,0.00027007,0.00051067,0.00041224,0.00037315,0.00046315,0.00036413,0.00037982,0.00042983,0.00052365,0.00026885,0.00025707,0.00083796,0.00049918,0.00036188,0.0008326,0.00054421,0.00016966,0.00021323,0.00032417,0.00043108,0.00027767,0.00033884,0.00030183,0.0002886,0.00042427,0.00016062,0.000118,0.00028757,0.00014521,0.00028582,0.00019087,0.00021072,0.00013691,0.0001174,0.00012871,0.00022465,0.00016576,8.2518e-05,0.00012107,0.00052921,0.00020481,0.00046639,0.00023536,0.00042098,0.00024536,0.0004885,0.00035473,0.00024724,0.00050374,0.00014907,0.00018095,0.00014207,0.00021863,0.00018858,0.00011767,0.00034215,0.0001642,0.00020427,0.00012827,0.00015251,0.00039898,0.00040437,0.00026614,0.00017647,0.00028954,0.00016878,0.00018967,9.738e-05,0.00030132,0.00027157,0.00016954,0.00018924,0.00012843,0.00013068,0.0002699,0.00030609,0.00026306,0.00019549,0.00016372,0.00024728,0.00016855,8.8736e-05,0.00018497,3.5049e-05,0.00029442,0.00011368,0.0002018,0.00014715,8.5057e-05,4.4836e-05,0.00011808,0.00012365,0.00020519,0.00030291,0.00014222,3.6668e-05,0.00015917,0.00025427,0.00028707,0.00013774,0.00027117,7.2452e-05,0.00014987,0.00030625,0.00035957,0.00015131,0.0002141,0.00027946,0.00024546,0.00035467,0.0001361,0.00030816,0.00023753,0.00019489,0.00018805,0.00025924,0.00026409,0.0004861,0.00017799,0.0002577,0.00010847,0.00020144,0.00020731,0.00018678,0.00011291,0.00030819,0.00031022,0.00018484,7.6916e-05,0.00010516,0.00010737,5.7684e-05,0.00021161,0.00011788,0.00018494,0.00021683,0.00014375,0.00019189,0.00020502,0.0001099,0.0002669,0.0002331,8.8788e-05,0.00014118,0.00026393,5.0543e-05,0.00021379,9.5109e-05,0.00023929,0.00019241,0.0002314,0.00026806,0.00024042,0.00010084,8.4567e-05,0.00024713,0.00033966,0.00036546,0.0003734,0.00021353,0.00010069,0.00034194,0.00028881,0.00036938,0.00016647,0.00020577,0.00019437,0.00035265,0.0001627,0.00010761,0.00032453,0.0001527,0.0002645,0.00043536,0.00016138,0.0001116,0.0002449,0.00029735,0.00025624,0.00016881,0.00030405,0.00013761,0.00039023,0.00021808,0.00023252,0.0001929,0.0002313,0.00015783,0.00024989,0.00024312,9.3031e-05,7.9109e-05,7.6139e-05,7.8635e-05,9.9566e-05,9.9886e-05,0.00020882,0.00040047,5.2109e-05,0.00024549,0.00024065,0.00023373,0.00021277,0.00013099
0.00018577,0.00010605,0.00013326,0.00012386,0.00015348,0.00020234,7.3676e-05,0.0001634,8.5386e-05,0.000128,0.00012924,0.00010139,0.00015241,5.0865e-05,0.00011703,0.00010593,8.4735e-05,8.9452e-05,0.00019344,0.0001622,9.8435e-05,7.3258e-05,9.5443e-05,9.2839e-05,0.00016042,9.2786e-05,4.0337e-05,7.2208e-05,0.00015119,9.7072e-05,8.0894e-05,6.4454e-05,0.00011292,2.7361e-05,9.9317e-05,7.1761e-05,7.5816e-05,7.7881e-05,9.1716e-05,7.9771e-05,6.6111e-05,0.00014598,7.0373e-05,0.00010335,0.0001021,7.343e-05,8.7652e-05,0.00011973,0.00016322,0.00015016,0.00012984,6.227e-05,0.00016381,7.385e-05,3.2119e-05,0.00013892,0.00016133,0.00011723,0.00013856,0.0001215,0.00010267,0.00015862,0.00015373,8.9527e-05,8.7328e-05,0.00016538,3.5114e-05,0.00015706,5.0314e-05,0.00018862,0.00012558,0.00012031,0.00012092,0.00012588,8.4549e-05,3.7885e-05,8.5276e-05,7.9333e-05,0.00017089,9.4219e-05,6.7622e-05,0.0001004,0.00017877,8.4954e-05,6.1927e-05,0.00015731,5.9829e-05,0.00018055,0.00012219,0.00015925,0.00010146,3.2953e-05,0.00013856,0.00019904,9.1984e-05,0.00010543,4.4199e-05,4.208e-05,0.00011743,8.5684e-05,8.8764e-05,9.7937e-05,5.2785e-05,0.00013893,0.00012727,6.0531e-05,1.8071e-05,0.00011151,9.1638e-05,0.00012509,4.2505e-05,0.00011762,0.00012498,0.0001029,0.00012773,0.00020358,8.4089e-05,0.00010761,0.00011191,9.8097e-05,0.00015821,0.00011476,6.6514e-05,0.00012543,0.00012849,5.3689e-05,0.00011283,0.00013664,0.00020598,0.00010499,0.00014935,8.2644e-05,0.00021633,0.00010827,0.00010235,0.00017226,0.00014734,5.6666e-05,0.00016133,0.00013316,3.3854e-05,8.4793e-05,8.3309e-05,0.00018118,3.3492e-05,3.5696e-05,6.201e-05,3.1776e-05,3.4879e-05,3.4576e-05,0.00010063,0.00010903,0.00016414,9.8785e-05,9.0517e-05,0.00016292,6.2415e-05,0.00020852,0.00036661,0.00090804,0.0009697,0.0025558,0.017657,0.0069148,0.0058209,0.010513,0.0069666,0.011859,0.0078069,0.0070532,0.015936,0.0074611,0.013109,0.0105,0.027114,0.015676,0.0093002,0.015512,0.022932,0.011677,0.015792,0.014709,0.025369,0.016792,0.010597,0.026528,0.025257,0.020258,0.0065917,0.0078718,0.035562,0.022549,0.029097,0.0034468,0.030476,0.029518,0.031161,0.032939,0.075486,0.051559,0.052743,0.013948,0.080653,0.043031,0.057889,0.070292,0.17545,0.12094,0.10002,0.041394,0.2381,0.10711,0.13795,0.10192,0.28953,0.14913,0.048407,0.038806,0.17378,0.12148,0.19443,0.16391,0.32377,0.34518,0.23693,0.30335,0.13761,0.45157,0.2255,0.50016,0.083222,0.74278,0.47466,0.31745,0.12579,0.62472,0.38982,0.24322,0.14799,0.6762,0.42276,0.14384,0.27627,0.59918,0.59817,0.25075,0.24884,0.71532,0.68801,0.32083,0.33342,0.3322,0.74962,0.39229,0.26246,0.23081,0.76183,0.42754,0.37742,0.30113,0.73419,0.56054,0.41149,0.35898,0.66116,0.71605,0.42619,0.40287,0.39029,0.75075,0.44556,0.39445,0.333,0.54274,0.39934,0.41185,0.18545,0.70527,0.35796,0.60018,0.15412,0.7511,0.52903,0.53438,0.54037,0.80054,0.44189,0.48431,0.12061,0.72183,0.52108,0.48739,0.11529,0.65438,0.45359,0.35529,0.23145,0.47449,0.32242,0.22628,0.15999,0.45513,0.34716,0.20457,0.19627,0.552,0.41156,0.25984,0.24075,0.57336,0.31186,0.17172,0.24853,0.6149,0.2414,0.18965,0.25839,0.49887,0.23054,0.21458,0.25986,0.54582,0.21181,0.14894,0.22769,0.45436,0.23079,0.17218,0.37762,0.31342,0.53909,0.33918,0.31359,0.36755,0.83693,0.44408,0.30852,0.32398,0.44038,0.34564,0.25988,0.34091,0.35441,0.36841,0.24845,0.33353,0.3146,0.38885,0.17028,0.37585,0.31626,0.19914,0.10148,0.27028,0.34482,0.15927,0.14657,0.13401,0.37548,0.1155,0.12837,0.097809,0.36388,0.16983,0.14386,0.063842,0.35323,0.12723,0.18865,0.063467,0.49853,0.15134,0.24256,0.23387,0.44164,0.12805,0.13926,0.17797,0.46798,0.2037,0.1391,0.2139,0.56228,0.14855,0.12695,0.23373,0.50334,0.18957,0.097794,0.10761,0.14485,0.067759,0.05818,0.14337,0.18847,0.058272,0.078622,0.10201,0.05334,0.1344,0.031033,0.091192,0.071539,0.046207,0.043756,0.081124,0.034426,0.15001,0.03173,0.052976,0.052798,0.035084,0.038081,0.092929,0.024764,0.069178,0.11156,0.07019,0.1039,0.07541,0.078011,0.011653,0.076859,0.05383,0.035897,0.038254,0.028375,0.024451,0.047765,0.057425,0.037186,0.020004,0.078613,0.04627,0.053421,0.04366,0.074434,0.045154,0.037552,0.051015,0.039293,0.056199,0.054757,0.050282,0.015605,0.041094,0.024443,0.017402,0.035195,0.01259,0.021631,0.0048922,0.0079625,0.0097202,0.018824,0.012336,0.016708,0.010453,0.0081545,0.0057368,0.0064936,0.0080103,0.0078148,0.021229,0.017374,0.011961,0.014036,0.0054946,0.0079077,0.008078,0.0047442,0.0047015,0.0052999,0.0070386,0.0049493,0.0058908,0.0011354,0.013415,0.0068584,0.0074271,0.0095001,0.0069037,0.0051641,0.0097943,0.0025166,0.0059248,0.0013452,0.0078006,0.0084402,0.00078639,0.0013389,0.00089851,0.00428,0.0010704,0.0031602,0.0026278,0.0015353,0.0029213,0.0048344,0.0018803,0.0022017,0.0025186,0.00085095,0.0044894,0.005427,0.0041209,0.0015476,0.002296,0.0012386,0.0035994,0.0016085,0.0014214,0.0010778,0.0018741,0.0011095,0.00060029,0.00077953,0.0018988,0.0011237,0.0015636,0.0028071,0.0022055,0.00031532,0.00040032,0.0013963,0.0021873,0.0011836,0.00097567,0.0022004,0.0029768,0.0012586,0.0011418,0.00050582,0.00081191,0.00093021,0.0012057,0.00040105,0.00054331,0.00078177,0.00090408,0.00022372,0.0010088,0.00065482,0.00044459,0.00053797,0.0010359,0.00088676,0.0005381,0.0003292,0.00050941,0.00067808,0.00028451,0.0013264,0.00084877,0.0011274,0.00043518,0.00072278,0.0011603,0.00051962,0.00011873,0.00048481,0.00087209,0.00064782,0.00072488,0.00034208,0.00020012,0.00045434,0.00048759,0.00022752,0.00042646,0.00052868,0.00011552,0.0011763,0.00076164,0.00015402,0.00041533,0.00011262,0.00012847,0.00040761,0.00017244,0.00019039,0.0006291,0.00035678,0.00028299,0.0007642,0.00043822,0.00031664,0.00040248,0.00013553,0.00041056,0.00035651,0.00020279,0.0003708,0.00042056,0.000321,0.00050043,0.00026968,0.00026734,0.00020778,0.00045366,0.0010613,0.00063159,0.00067556,0.00071991,0.00046359,0.00083324,0.00034482,0.00020067,0.00054294,0.0007598,0.00056369,0.00032661,0.000146,0.00011952,0.00023438,0.00035933,0.00065815,0.00037678,7.9237e-05,0.00014635,0.00045153,0.00042151,0.00015514,0.00023637,9.0001e-05,0.00016935,0.00042568,0.00015229,0.00017693,0.00049065,0.00036816,0.00024436,0.00029836,0.00029107,0.00047436,0.00032211,0.00032961,0.00021333,0.0001847,0.00022649,0.0001426,0.00047138,0.00035398,0.00048313,0.0002948,8.0787e-05,0.00010319,0.00019284,0.00018162,0.00020219,0.00042526,0.00027752,0.00015723,0.00013249,0.00022048,0.0002404,0.00020553,0.00019098,0.00015044,0.00022453,0.00012513,0.00011888,4.6498e-05,0.00039598,0.00013118,0.00029474,6.8138e-05,9.0951e-05,0.00016234,0.00018083,0.00020077,0.00015243,0.00012062,3.6093e-05,0.00015396,0.00014052,0.00014312,7.1255e-05,0.00016619,0.00014881,0.00016991,0.00011419,8.3596e-05,6.6921e-05,0.00013001,0.00020143,0.00019541,6.2318e-05,0.00015552,0.00010641,0.00017273,0.00010106,8.041e-05,0.00025928,0.00017093,0.00016324,0.00021118,0.00011606,0.00021105,0.00018449,0.00023199,0.00010323,0.00031572,5.9142e-05,0.00011522,0.00015725,0.00015478,0.00017077,0.00020803,0.00021722,0.0001712,0.00020092,0.00036685,0.00028271,0.00013772,0.00012696,4.5267e-05,0.00010876,7.6935e-05,0.00022624,0.00020805,0.00026258,5.8317e-05,0.00023362,0.0002185,0.00013379,7.2975e-05,0.00015686,0.0002492,0.00014389,0.00024136,0.00031545,0.00016818,0.00010684,0.00017042,0.00019457,0.0001274,5.155e-05,0.00010622,0.0001253,6.1956e-05,0.00015793,4.091e-05,0.00017596,0.00016742,0.00011635,0.00020501,0.00017316,0.0001118,0.00015113,0.00027908,0.00021255,0.00029196,0.00021137,0.00020286,0.00038962,0.00027736,0.00040698,0.00012936,0.00035961,0.00012708,0.00031272,0.0003,0.00030716,0.00043228,0.00034641,0.00039763,0.00044154,0.00049684,0.00044801,0.00031058,0.00033713,0.00010443,0.0001332,0.00020203,0.00016178,0.00039436,0.00029132,0.0002898,0.0002847,0.00011544,0.00010458,0.00019771,0.0001952,0.00023633,0.00011522,0.0001182,0.00010377,0.00017008,0.00017873,0.00017447,9.371e-05,0.00021244,0.00016406,0.00019238,0.0001389,0.00016894,0.00014213,0.00023957,0.00015144
3.194e-05,0.00011348,0.00011831,4.8464e-05,9.3279e-05,8.6356e-05,0.00016126,0.00018813,0.00015206,0.0001953,0.00012149,7.6857e-05,0.00013937,5.368e-05,6.6646e-05,0.000143,0.00010858,0.00017516,0.00015555,0.00013459,0.00011053,8.1313e-05,0.00022164,0.00016805,9.3457e-05,9.9905e-05,0.00013167,9.71e-05,0.00014704,6.9198e-05,0.00014376,0.00013421,4.4503e-05,0.00013418,0.00019907,9.3093e-05,0.00010273,8.3725e-05,0.00014563,0.00010695,0.00020034,0.00021246,0.00012204,0.00020525,7.6195e-05,8.7155e-05,2.7962e-05,9.9421e-05,0.0001432,4.9184e-05,0.00018486,0.00011384,0.00010125,6.3376e-05,5.1013e-05,2.6631e-05,0.00014882,0.00011709,0.00018742,0.00012418,7.8256e-05,0.00011935,8.4828e-05,4.2864e-05,3.9864e-05,0.00014475,0.00012152,0.00018765,0.00016026,0.00026466,0.00016075,0.00010247,7.1944e-05,0.00028535,0.00015323,0.00011577,4.6673e-05,0.00010177,0.00011084,0.00015003,0.00012806,0.00015783,0.00013549,0.00012792,4.421e-05,0.00015806,9.267e-05,0.0001552,0.00014344,2.3941e-05,3.6361e-05,0.00010757,7.7128e-05,4.5106e-05,0.00014736,0.00016967,0.00021116,0.00021125,0.00015541,0.00019028,6.4948e-05,7.5893e-05,0.0001514,0.00010635,0.00015109,0.00016889,0.00012538,4.091e-05,0.00012786,0.00013829,0.00011415,6.3017e-05,0.00012756,8.4929e-05,0.00011199,0.0001512,0.00012642,8.3372e-05,0.00017882,3.0284e-05,0.00013992,0.00011797,8.7344e-05,0.00011128,9.4843e-05,0.00018869,0.00020211,0.00011776,0.00022059,0.00013975,0.00010248,9.1542e-05,0.00010356,7.2408e-05,0.00012053,0.00017558,0.00018778,0.0001384,0.00011058,0.00012298,0.00011697,8.5877e-05,7.5195e-05,0.00011282,0.0001606,0.00019915,2.7768e-05,0.00013427,0.00016716,0.00011302,8.3259e-05,0.00011174,9.2215e-05,0.00010062,7.6016e-05,7.7165e-05,0.00015906,0.00029444,0.00021403,0.00025129,0.00046405,0.0011245,0.016358,0.0090725,0.0037294,0.0014442,0.0042353,0.0041624,0.0024095,0.0013128,0.0035113,0.0037252,0.0032132,0.0035539,0.021148,0.019608,0.012388,0.01245,0.0088264,0.006263,0.018172,0.017033,0.012289,0.012752,0.0074715,0.027547,0.017094,0.011685,0.0266,0.028857,0.025114,0.017012,0.051353,0.030386,0.029383,0.078893,0.087621,0.077623,0.16994,0.17831,0.13137,0.031728,0.040629,0.092923,0.11058,0.080755,0.20382,0.095771,0.12029,0.098417,0.0622,0.071645,0.044992,0.046351,0.06498,0.46101,0.097023,0.11555,0.20096,0.71367,0.48125,0.38022,0.49618,1.0328,0.72539,0.5743,0.28841,0.64144,0.66608,0.28645,0.088059,0.95843,0.96542,0.56487,0.16235,0.72727,0.89273,0.53466,0.28457,0.78541,0.55812,0.57178,0.41253,0.75164,0.8563,0.55287,0.31619,0.57806,1.0329,0.45043,0.31416,0.4319,0.97971,0.56246,0.31082,0.45843,0.93492,0.5723,0.47799,0.58511,0.89542,0.56864,0.47921,0.5182,0.83342,0.65009,0.49319,0.48735,0.52324,0.82562,0.71595,0.47023,0.61591,0.63579,0.62033,0.50207,0.73335,0.83283,0.4002,0.71673,0.52518,0.89983,0.66832,0.70049,0.11492,0.95889,0.57907,0.61741,0.48693,0.85179,0.70458,0.6421,0.47704,0.72014,0.63405,0.25144,0.083172,0.48594,0.61277,0.23798,0.058003,0.4433,0.58403,0.46351,0.20825,0.57923,0.81041,0.64162,0.14942,0.34925,0.80718,0.77944,0.4213,0.43011,0.71485,0.31022,0.24266,0.42106,0.62542,0.34635,0.20467,0.21809,0.44521,0.26369,0.10149,0.33706,0.23262,0.13707,0.11941,0.36745,0.20886,0.11505,0.061492,0.3627,0.36533,0.22026,0.12235,0.3547,0.27067,0.12038,0.15125,0.38633,0.29493,0.19444,0.067806,0.31817,0.31724,0.27948,0.10636,0.23382,0.44159,0.13321,0.076349,0.16636,0.52449,0.27598,0.19291,0.10729,0.60135,0.24739,0.16801,0.064871,0.80373,0.20693,0.062089,0.21138,0.78282,0.20889,0.13148,0.11353,0.8519,0.19598,0.12946,0.14754,0.8027,0.37917,0.063418,0.085772,0.61376,0.44582,0.061576,0.20353,0.5284,0.33095,0.066719,0.25503,0.14,0.13071,0.027615,0.028305,0.2963,0.11376,0.064854,0.050382,0.05559,0.072141,0.023492,0.11642,0.033022,0.030169,0.022852,0.17963,0.14941,0.045332,0.036025,0.11819,0.019343,0.082762,0.16613,0.21286,0.14243,0.018675,0.021652,0.034062,0.035915,0.027514,0.039984,0.14509,0.15025,0.069142,0.033414,0.057065,0.12585,0.031136,0.12133,0.037525,0.013317,0.033318,0.021992,0.15281,0.11755,0.037706,0.12202,0.125,0.0227,0.092442,0.032273,0.096189,0.074763,0.012984,0.016953,0.00864,0.02148,0.031178,0.0075757,0.021977,0.018401,0.006728,0.050838,0.043625,0.031693,0.0136,0.01798,0.0054482,0.0064551,0.010451,0.0096443,0.0067061,0.0056772,0.0083697,0.0027102,0.012933,0.0087018,0.016786,0.017121,0.010576,0.011818,0.013578,0.0094234,0.0060741,0.0023089,0.0017765,0.0060036,0.0023883,0.00097981,0.0079659,0.0037667,0.0075322,0.0044041,0.010672,0.0067385,0.0038452,0.0017506,0.0016273,0.0073399,0.0058473,0.001946,0.0020351,0.0020589,0.0015381,0.0008688,0.0023144,0.0011478,0.0015092,0.00074909,0.00067943,0.0014259,0.0016888,0.0030327,0.0017834,0.0017931,0.0011191,0.002415,0.0014634,0.00082594,0.001333,0.0011257,0.0014732,0.00076288,0.0015181,0.0016648,0.00045701,0.0010655,0.0011239,0.00098671,0.00089938,0.0011405,0.0022129,0.00045688,0.0020142,0.0036388,0.0045959,0.0017095,0.0012714,0.00054166,0.0027538,0.00072233,0.00060152,0.0015249,0.00051768,0.0017262,0.0011712,0.001299,0.00064896,0.00027437,0.00075072,0.00078725,0.0012228,0.00079826,0.00015984,0.0005306,0.00076641,0.00051878,0.00082451,0.0011615,0.00074755,0.00091603,0.0007645,0.0003181,0.00052609,0.00017486,0.00021158,0.0013813,0.00069723,0.00081324,0.00028958,0.00043225,0.00055946,0.00020719,0.00015608,0.00053579,0.00040949,0.00047117,0.00012638,0.00052892,0.00011441,0.00044195,0.00056889,0.00066308,0.00025197,0.00089992,0.00032959,0.00093817,0.00041468,0.00023281,0.00021351,0.00024921,0.00033714,0.00073557,0.00018584,0.00014143,0.00045872,0.00045478,0.00037216,0.00044062,0.00025436,0.00040716,0.00046719,0.00036029,0.00021285,0.00017364,0.00020558,0.00031914,0.0003662,0.00043556,0.00065038,0.00013889,0.0005969,0.00028896,0.00026974,0.00032661,0.0011641,0.00029507,0.00031528,0.00026773,0.00024754,0.0001651,0.0001623,0.00016874,0.00033147,0.00028498,0.00060917,0.00022003,0.00061198,0.0007932,0.00046727,0.00029703,0.00017928,0.00011263,0.00020503,0.00035269,0.00026391,0.00022603,0.00039143,0.00035092,8.2803e-05,0.00043356,0.00029858,6.8647e-05,0.00024172,0.00031984,0.00021402,0.00013092,0.00033597,0.00052579,0.00042388,0.0002752,0.00021562,0.00032193,5.5425e-05,0.00030051,0.00030494,0.00011049,0.00020573,0.00035245,0.00020798,0.00027349,0.00042489,0.00024783,0.00019409,0.00037465,0.00016807,0.00015259,9.4741e-05,0.00016236,7.0575e-05,0.00032601,5.9517e-05,0.00015316,0.00019428,0.00014747,0.00040177,0.0001397,0.00016266,0.00024339,0.00020956,0.0002891,8.8532e-05,0.00013045,0.00017716,0.00026912,0.00024527,0.00016525,0.00012072,7.3655e-05,0.00010409,0.00014972,7.0844e-05,0.00018704,7.7597e-05,0.00014395,0.00020967,0.00035444,0.00019208,6.2135e-05,0.00016053,0.0001176,0.00016867,0.00021222,6.9671e-05,0.00017094,0.00021724,0.00012222,5.067e-05,0.0001174,0.00031781,0.00017157,0.00026369,0.0002651,0.00026753,0.00043346,0.00024176,0.00013285,0.00019983,0.00029211,0.00040283,0.00022227,0.00029112,0.00036307,0.00027791,0.00014567,0.0001494,0.0001953,0.00020878,0.000237,0.00015302,0.00011503,0.00014175,3.7222e-05,0.00012196,8.3276e-05,3.2162e-05,0.00014578,5.9164e-05,0.00011666,0.00010974,0.00018189,0.00018189,0.00012888,8.4111e-05,6.6689e-05,0.00026666,9.23e-05,0.00023328,0.00015244,6.2546e-05,0.00024959,0.00021379,6.5622e-05,0.00019696,8.2831e-05,0.0001501,0.00023249,8.3815e-05,0.00044457,0.00016999,0.00013025,0.00023671,7.9412e-05,9.2806e-05,0.0002055,0.00012928,0.00035372,0.00029198,0.00030796,0.0001265,7.097e-05,7.1681e-05,0.0001605,9.2894e-05,0.00029929,0.00034904,0.00023198,6.8833e-05,0.00033761,0.00028699,0.00022814,0.00011911,0.00029254,0.00027335,0.00014183,0.00016445,0.00027348,0.00011207,0.00029615,0.00010753,0.00027063,0.00027931,0.00056263,0.00045766,0.00030144,0.00021596,8.4668e-05,6.8654e-05,0.00022643,0.00015201,8.0124e-05,0.00011279,0.00010847,0.00011624,0.00012538,0.00015025,0.00020548,0.00012241,0.00017633,0.00022021,4.7315e-05,0.00013876,0.00014852,0.00033167
0.00024495,3.7117e-05,0.0001128,5.782e-05,0.00012723,0.00017089,8.603e-05,9.843e-05,0.0001363,0.00020079,0.00020607,0.00011089,7.4865e-05,0.00013162,5.2435e-05,6.3435e-05,0.00011096,5.6659e-05,9.1101e-05,4.4499e-05,7.6689e-05,4.798e-05,0.00012201,0.00011366,5.0624e-05,3.1161e-05,0.00012083,6.7068e-05,0.0001501,0.00010399,0.00015111,5.0595e-05,0.00018713,0.00023533,4.7634e-05,0.00014752,4.1956e-05,0.00013703,0.00017272,8.0919e-05,0.00015418,5.0236e-05,0.00018579,7.6302e-05,0.00010531,6.94e-05,4.4852e-05,8.9806e-05,0.00013505,9.526e-05,1.9502e-05,0,0.00015646,0.00011044,0.00011604,0.00013756,7.8687e-05,0.00011335,5.0493e-05,4.4214e-05,9.155e-05,6.3285e-05,7.6524e-05,2.5406e-05,0.00015684,3.7046e-05,9.5273e-05,0,0.00013266,0.00019913,0.00016078,4.9174e-05,0.00013758,0.00012277,5.7264e-05,6.7949e-05,7.6515e-05,2.5659e-05,0.00015325,9.4682e-05,3.7485e-05,4.4308e-05,0.00012264,1.2587e-05,5.3278e-05,6.1505e-05,0.00015107,8.844e-05,0.00010382,5.7973e-05,4.0639e-05,0.00010748,1.7997e-05,8.9867e-05,0.00015605,7.3289e-05,0.00016088,5.6347e-05,0.00018112,4.935e-05,3.8327e-05,5.1614e-05,5.5012e-05,0.00014162,0.0002014,0.00018521,8.0035e-05,0.00010873,8.1637e-05,4.1507e-05,3.217e-05,7.848e-05,9.4934e-05,0.00017158,8.7161e-05,6.1568e-05,6.6988e-05,0.0001247,6.2132e-05,0.00013934,3.8047e-05,0.00018032,7.3338e-05,3.607e-05,6.3099e-05,6.9034e-05,0.00010574,6.2395e-05,9.9595e-05,6.6229e-05,0.00014362,0.00012538,0.00019017,0.00012628,3.7175e-05,0.00010198,0.00019493,5.1766e-05,3.2647e-05,6.9616e-05,6.8372e-05,8.0982e-05,9.2324e-05,0.00010674,0.00015809,5.5661e-05,0.00012817,0.00012155,0.00026654,4.304e-05,8.7687e-05,0.00018383,7.8668e-05,0.00012173,7.1772e-05,1.7549e-05,0.00039781,0,8.8187e-05,0.000127,0.0003499,0.0010335,0.016591,0.013635,0.0052204,0.0072533,0.0017466,0.001589,0.0022922,0.0078411,0.0014912,0,0.0067361,0.013682,0,0.0016737,0.0024646,0.0018533,0.0096548,0.012429,0.0025028,0.0021131,0.021227,0.034637,0.031733,0.0027191,0.049314,0.036743,0.0035522,0.00232,0.038189,0.062117,0.0039329,0.030143,0.069619,0.0063915,0.010349,0.010052,0.021055,0.023746,0.016796,0,0.020057,0.010159,0.013932,0.010266,0.025659,0.15669,0.14272,0.103,0.17714,0.20923,0.22039,0.14048,0.24658,0.03756,0.33516,0.10922,0.3422,0.69087,0.41299,0.17088,0.39083,0.9267,0.28695,0.27013,0.1576,0.49894,0.24546,0.15081,0.088457,0.71264,0.27957,0.23361,0.15931,0.78539,0.31307,0.225,0.14438,0.63671,0.77596,0.27445,0.11452,0.44892,0.56468,0.11679,0.34787,0.51975,0.65738,0.14795,0.33358,0.44618,0.69003,0.11148,0.085908,0.29984,0.61203,0.16161,0.13115,0.35931,0.58493,0.30071,0.19142,0.18693,0.64939,0.30751,0.10317,0.26497,0.6496,0.26348,0.18667,0.16872,0.52949,0.14128,0.15537,0.12091,0.40896,0.30095,0.13479,0.15609,0.33654,0.35853,0.24723,0.18596,0.067562,0.67279,0.10918,0.13021,0.17383,0.83896,0.30559,0.25191,0.17602,0.8828,0.44779,0.24263,0.1873,0.73247,0.34461,0.20937,0.23537,0.72745,0.57036,0.23869,0.50531,0.65004,0.64282,0.30526,0.13271,0.49768,0.91362,0.39824,0.40905,0.69977,0.8259,0.8547,0.50303,0.74203,0.8466,0.66932,0.65358,0.58348,1.0733,0.69859,0.68615,0.87729,0.92081,0.56075,0.43553,0.78454,0.69349,0.33154,0.28299,0.76748,0.55073,0.26761,0.31075,0.75112,0.66948,0.35559,0.367,0.72777,0.791,0.30616,0.22392,0.71749,0.87107,0.34863,0.32917,0.57979,0.76025,0.23157,0.068385,0.37185,0.66541,0,0.054731,0.30535,0.59791,0.33149,0.32335,0.31134,0.77634,0.35014,0.22133,0.049496,0.74586,0.49841,0.21853,0.22197,0.74061,0.45645,0.11595,0.30142,0.72394,0.27931,0.18026,0.29794,0.56633,0.20281,0.1871,0.25679,0.48136,0.19192,0.24504,0.11257,0.30404,0.18696,0.10327,0.13952,0.030637,0.067216,0.01214,0.15672,0.18697,0.058467,0.073801,0.019283,0.10199,0.10407,0.09638,0,0.01968,0.091016,0.081338,0.018602,0.14279,0.15547,0,0.023728,0,0.11818,0.19316,0.14515,0.13162,0.16049,0.13244,0.012286,0.016319,0.021399,0.075355,0.097673,0.010367,0.088584,0.01068,0.077812,0.072625,0.13979,0.082138,0,0,0.12043,0.0097453,0.012396,0.10043,0,0.10777,0,0.0090387,0.0838,0.078747,0.047672,0.067306,0.025138,0.013853,0.050937,0.033947,0.029813,0.0042666,0,0.0033202,0.04186,0.002178,0.011049,0.010004,0,0.014905,0.0091724,0.0057243,0.0087349,0.011016,0.0012338,0.010625,0.0022016,0.0017122,0,0.00098042,0.0017911,0,0.0010488,0.00091669,0.0077076,0.00079367,0.0011827,0.0010377,0,0.0074611,0.001103,0.00055077,0.0012575,0,0,0,0.0054375,0,0.0009621,0.0032846,0.003983,0.0030121,0.0013227,0.00047236,0.0020482,0.0058412,0,0.0028276,0.00056115,0.00040463,0.00030167,0.0005857,0.0045013,0,0.00059092,0.00023617,0.0035582,0.003186,0.00094648,0,0,0.00037992,0.0024194,0.002725,0.0021219,0.0002411,0.001711,0.00021103,0.00032493,0,0.00058471,0.00094353,0.00025674,0,0,0.0029001,0.0023512,0.0011278,0.00041773,0.0016569,0.00088413,0.0016104,0.00082665,0,0.00054702,0.00014018,0.00038643,0.00098337,0.0013054,0.0014982,0.0013823,0.00041776,0.00054178,0,0.00019683,0.00062813,0.00084247,0.00011338,0.00026097,0.00028997,0.00014447,0.00085541,0.00018994,0.00038563,0,0.00030611,0.00054935,0.00029435,0.0011005,0.00032106,0.0002516,8.2201e-05,7.8394e-05,0.00072665,9.0954e-05,0.00014828,0.00077642,0.001031,0.00014124,0.00018328,0.00037584,0.00056811,0.00052836,0.00012226,0.00012609,0.00010782,0.00043434,0.00029554,0.00024912,0.00037877,0.00013627,0.00024039,0.00010234,0.00020023,0.00056001,0.00032042,0.00047373,0.00061088,0.00032066,0.00028036,0.00049091,0.00021866,0,0,0.00012188,0.00029342,0.00013951,0.00030283,0.00037064,0.00040713,9.7142e-05,0.00020129,0.00015087,0,0.00066204,0,0.00015693,0.00016102,9.3496e-05,0.0003048,0.00025118,0,0.00093166,0.00071216,0.00076817,6.9806e-05,0.00025139,0.00048395,0.000144,0.00033322,9.8166e-05,0.00019778,0,0.00026128,0.00028219,4.3278e-05,0.00013036,0.00023578,0,0.00016835,0.00018954,9.7574e-05,0.00024294,0.00038508,0.00024959,3.3232e-05,0.00024306,0.00038644,0.00015144,0.00015422,9.8765e-05,0.00010281,0.00019933,0.00013962,0.00036196,0.00031233,0.00022224,0.00018252,0.00032422,0.00014578,0.00032593,0.00015739,0,0.0002248,0.00013228,9.4694e-05,6.3185e-05,5.3992e-05,0.00039042,5.0388e-05,0.00019032,0.00012552,7.5457e-05,0.00022721,0.00019171,0.00011905,0.00017447,0.00012789,0.00019224,0.00016827,8.6119e-05,0.00015311,0.00014376,8.2639e-05,9.8946e-05,0.00011535,8.6707e-05,3.9766e-05,0.00012561,0.0002905,3.9772e-05,0.00014607,0.0001935,0.00026246,7.2856e-05,0.00011801,0.00014935,9.3447e-05,0.00014431,0.00015018,0.00011869,0.00018158,0.00024874,0.00013514,6.8088e-05,8.3782e-05,0.0002204,0.00014759,0.00023063,9.6302e-05,0.00023707,9.5485e-05,0.00027047,0.00015235,0.00010393,0,5.9155e-05,0.00010065,0.00023982,5.8145e-05,7.027e-05,0.00014478,0.00015663,0.0001307,0.0002093,0.0001744,0.0001106,2.4796e-05,0.00024226,0.00017945,0.00023843,0.00014287,0.00010316,0.00019116,0.00017443,0.00014815,0.00013073,9.0871e-05,0.00011844,3.7775e-05,0.0003229,0.00040088,0.00022729,0.00017329,4.5348e-05,9.5081e-05,0.00026049,6.1538e-05,0.00028656,0.00025552,0.00012394,8.0464e-05,3.3959e-05,0.00015507,0.00024002,0.00017227,7.434e-05,0.00023481,0.00043355,0.0001672,0.00011466,0.00028121,0.00019423,0.00023273,0.00027292,0.00037018,0.00014687,0.00027098,0.00023711,0.00011133,0.00017862,0.00015685,0.00025032,0.00024878,0.00011275,0.00010068,0.0002491,0.00015647,8.9787e-05,0.00021768,0.00024594,0.0001279,0.00011687,0.00028227,0.0001271,3.3472e-05,9.3014e-05,0.00019019,9.4488e-05,5.097e-05,0.00020607,0.00022719,0.00012664,0.00014942,0.00015534,0.0001848,0.00012637,0.00018827,0.00011498,4.0203e-05,0.00011887,0.00011608,7.5138e-05,4.7832e-05,8.536e-05,0.00016339,2.3835e-05,0.00015586,0.00018593,9.6368e-05,9.1971e-05,0.00016795,0.00012174
0,0,0,0,0,0,0,0,0,0,0,0,2.2417e-05,0,0,0,0,2.4512e-05,0,0,0,0,0,0,0,0,0,0,0,0,0,0,0,0,0,0,0,0,0,0,0,0,0,0,0,0,0,0,0,0,0,0,0,0,0,0,0,2.4805e-05,0,0,0,0,2.2277e-05,0,0,0,0,0,0,2.3516e-05,0,0,0,0,0,0,0,0,0,3.7642e-05,0,0,0,0,1.8634e-05,0,0,0,0,0,0,0,0,0,0,0,3.3653e-05,0,3.7476e-05,0,0,0,0,0,0,0,0,0,0,0,0,0,0,0,0,0,0,0,0,0,0,0,0,0,0,0,0,0,3.2681e-05,0,0,0,0,0,0,0,0,0,0,0,0,0,0,0,0,0,0,0,0,0,0,0,0,0,2.7109e-05,0,0,0,0,0,0,0,0,0,0,0,0,0,0,0,0,0,0,0,0,0,0,0,0,0,0,0,0,0,0,0,0,0,0,0,0,0,0,0,0,0,0,0,0,0,0.0092876,0,0,0,0,0,0,0,0,0,0,0,0,0,0,0,0,0,0,0,0,0,0,0,0,0,0,0,0,0,0,0,0,0,0,0,0,0,0,0,0,0,0,0,0,0,0,0,0,0,0,0,0,0,0,0,0,0,0,0,0,0,0,0,0,0,0,0,0,0,0,0,0,0,0,0,0,0,0,0,0,0,0,0,0,0,0,0,0,0,0,0,0,0,0,0,0,0,0,0,0,0,0,0,0,0,0,0,0,0,0,0,0,0,0,0,0,0,0,0,0,0,0,0,0,0,0,0,0,0,0,0,0,0,0,0,0,0,0,0,0,0,0,0,0,0,0,0,0,0,0,0,0,0,0,0,0,0,0,0,0,0,0,0,0,0,0,0,0,0,0,0,0,0,0,0,0,0,0,0,0,0,0,0,0,0,0,0,0,0,0,0,0.0069409,0,0,0,0,0,0,0,0,0,0,0,0,0,0,0,0,0,0,0,0,0,0,0,0,0,0,0,0,0,0,0,0,0,0,0,0,0,0,0,0,0,0,0,0,0,0,0,0,0,0,0,0,0,0,0,0,0,0,0,0,0,0,0,0,0,0,0,0,0,0,0,0,0,0,0,0,0,0,0,0,0,0,0,0,0,0,0,0,0,0,0,0,0,0,0,0,0,0,0,0,0,0,0,0,0,0,0,0,0,0,0,0,0,0,0,0,0,0,0,0,0,0,0,0,0,0,0,0,0,0,0,0,0,0,0,0,0,0,0,0,0,0,0,0,0,0,0,0,0,0,0,0,0,0,0,0,0.00011859,0,0,0,0,0,0,0,0.00010457,0,0,0,0,0,0,0,0,0,0,0,0,0,0,0,0.00010282,0,0,0,0,0,0,0,0,0,0,0,0,0,0,0,0,0,0,0,0,0,0,0,0,0,0,0,0,0,0,0,0,0,0,0,0,0,0,0,0,0,0,0,0,0,0,0,0,0,0,0,0,8.3607e-05,0,0,0,0,0,0,0,0,0,0,0,0,0,0,0,0,0,0,0,0,0,0,0,0,3.7282e-05,4.2967e-05,0,0,0,0,0,0,0,0,4.9159e-05,0,0,5.9276e-05,0,0,0,0,0,0,0,0,0,3.4906e-05,0,0,0,0,0,0,0,0,0,0,0,0,0,0,0,0,0,2.4643e-05,0,0,0,0,0,0,0,0,0,0,0,0,0,0,0,0,0,0,0,0,0,0,0,0,0,0,0,0,0,0,0,0,2.731e-05,0,0,0,0,0,0,0,0,4.1924e-05,0,0,0,1.8395e-05,0,0,0,0,4.8869e-05,0,0,0,0,0,0,0,0,0,0,0,0,0,0,0,0,0,0,5.9616e-05,0,0,0,0,0,7.0529e-05,0,0,0,0,0,3.523e-05,0,0,0,0,0,0,0,0,0,0,0,0,0,0,0,2.6046e-05,0,0,0,0,0,0,0,0,0
