1303,1425.1,663.71,1340.5,1390.2,596.96,815.64,748.84,1066,347.32,410.28,843.5,1198.3,732.1,960.35,1208.7,987.41,240.72,745.06,580.22,438.41,1021.5,272.45,755.26,929.3,519.35,669.43,792.02,619.48,733.31,676.09,150.9,253.76,1298.3,314.9,894.06,779.32,765.18,694.5,458.94,1407.4,1173.7,130.57,162.29,605.21,383,861.82,1787.3,768.27,569.17,320.78,669.79,940.55,1140.8,745.97,877.51,445.9,987.43,780.74,574.05,1478.4,1283.6,1031.8,1461.6,215.27,193.27,676.42,1415.7,768.99,1069.6,829.63,1723.7,1159.3,730.77,815.86,485.87,644.48,282.19,1233.6,348.89,206.51,533.12,479.33,588.48,648.3,338.65,822.87,1186.3,501.82,1477.8,1676.9,280.62,732.26,318.4,1055.7,311.43,979.22,314.43,930.61,590.08,778.32,818.66,460.1,1023.3,843.12,651.89,519.04,1369.1,1091.7,845.85,437.91,989.83,966.15,358.12,262.75,266.4,1571.8,1283.2,898.73,406.38,456.19,1594.8,1418.4,1281.7,390.69,844.65,370.57,1332.2,1076,636.21,1088.8,1076.8,700.01,1608.6,790.83,642.82,753.63,1761.4,1412.5,866.65,988.72,672.08,508.82,239.78,1425,491.62,524.03,1018.7,1825.1,697.63,1261.6,1608.9,478.45,1137.8,1042.3,838.43,156.92,872.13,1050,781.55,838.16,359.69,1363.8,1326.7,705.26,1121.9,566.82,746.1,691.81,356.27,311.66,416.93,1320,1564.9,765.96,572.09,613.46,1939.9,976.88,1675.9,791.57,598.83,625.02,554.27,657.16,644.45,720.48,491.86,601.99,493.37,580.8,890.74,624.21,464.91,631.36,786.38,624.27,500.46,625.39,945.21,598.35,532.1,558.38,1143.1,565.02,546.35,545.55,1180.1,539.48,558.96,555.2,644.25,471.55,591.09,643.72,488.21,410.66,630.1,695.16,496.53,404.42,579.64,795.76,510.36,456.08,539.38,886.38,534.79,504.51,541.08,304.08,551.28,544.46,551.68,1286.8,559.27,565.58,559.87,1090.5,538.13,559.23,550.33,228.36,503.71,574.84,590.25,241.56,522.42,580.82,576.92,1052.8,583.07,621.31,617.77,1072.9,500.25,573.31,595.54,1054.5,517.7,666.75,582.16,700.51,633.1,727.17,601.52,611.59,1032.3,969.95,665.71,599.82,929.7,615.22,722.13,568.87,531.17,360.82,879.69,663.11,526.5,655.93,305.92,685.93,555.11,214.34,469.43,359.75,663.13,599.43,520.17,250.11,417.06,675,608.9,173.44,192,464.61,648.64,478.58,525.09,804.95,464.19,229.36,476.66,481.17,223.94,475.2,655.28,516.86,494.97,654.4,456.69,673.14,550.37,407.97,776.72,494.47,598.17,571.66,425.63,198.69,347.28,647.18,224.38,618.36,921.85,494.61,648.87,582.17,416.37,2229.6,457.88,597.59,658.94,577.58,1405,497.15,304.1,431.79,449.41,531.62,651.09,501.04,576.58,565.38,401.78,543.19,613.56,528.57,580.21,484.5,356.23,428.71,615.17,697.73,615.16,575.51,575.83,290.27,1180.7,1527.4,382.91,495.72,530.55,469.82,505.06,220.27,611.58,429.87,943.84,503.45,2564.2,541.35,558.45,375.92,969.51,401.15,1528.1,419.52,271.6,419.49,376.84,206.42,444.97,1251.1,66.629,452.72,300.4,651.09,900.27,991.92,468.44,1076.6,666.65,882.98,235.34,382.92,278.93,562.03,548.25,1663.4,781.93,300.67,1253.7,1152.9,1526.1,383.14,521.69,492.91,436.88,237.94,578.9,552.5,284.41,1275.4,765.97,546.68,1580.6,340.84,269.62,677.26,776.63,842.89,1122.9,580.64,1365.7,1564.3,163.3,1755.7,1581,399.84,502.96,669.2,951.86,821.44,888.24,1287.3,1175.8,716.46,1014.7,562.97,1610.5,1003.7,594.13,1541.5,313.52,750.33,1493.7,852.25,367.46,400.64,226.6,1472.6,476.25,851.82,1085.9,702.65,627.12,188.27,992.47,1131.4,41.509,1109.9,1954.2,1840.7,1262.3,1582.1,554.62,1542.8,1681.5,856.86,1462.4,215.35,1924.3,798.54,698.91,1783,215.01,295.57,925.59,1713.3,1782.3,1089.2,1007.1,481.67,580.73,563.99,838.47,870.75,825.93,1720.3,804.71,1008,1774.9,768.35,1783.4,436.75,1895.4,1741.6,792.64,1009.3,760.66,863.32,1561.6,1311.8,1545.4,1605,280.23,372.62,1497.9,1552.6,1456.2,1586.8,1238.4,1516.2,496.19,1454.1,671.56,1510.9,1215.1,1684.9,1112.1,1395.9,873.45,803.76,780.24,956.8,868.83,931.97,1382,1517,1201.4,795.78,1610.4,1010.2,443.45,732.03,884.45,390.54,981.06,426.37,639.37,1558.5,1044.8,820.2,1100.9,1221.4,490.79,479.46,1303.5,811.95,273.86,624.32,465.34,823.81,1059.7,1068.9,1088.1,478.56,1662.3,943.21,1471.5,892.8,745.55,1161.9,487.94,422.04,456.41,846.25,303.42,1087.2,738.39,686.09,1469.6,794.97,895.18,715.04,445.53,656.57,938.18,709.18,748.07,265.06,498.64,900.37,993.83,1267.2,571.07,581.16,993.46,229.99,667.45,1833.5,289.58,542.06,1323.5,1565.7,786.77,1357.1,291.48,1666.5,407.5,845.8,546.84,1368.2,528.52,526.12,977.75,1727.3,687.34,1315.8,265.4,774.56,575.11,653.28,1245,1103.2,258.81,1694.4,1448.1,20.811,268.1,1128.1,1085.5,278.81,54.531,1163.8,297.57,1248.3,469.73,603.13,378.89,724.41,1372.3,1532.3,1347.7,1841.3,1162.8,1399.9,339.09,1145.1,862.09,1055.6,870.04,717.6,666.84,1031.6,1084.5,1017.5,902.67,497.48,1452.1,314.92,562.53,318.34,1433.9,354.15,1520,220.77,1690.8,949.69,1090.6,1343.2,1590.8,1579.5,493.39,942.86,1332.2,1352.5,1604.4,1577.8,376.37,1702.2,445.76,1169.3,1311.3,655.22,355.29,1035.5,1005.7,225.81,768.38,1240.4,546.54,352.33,1202.4,912.25,1457.7,675.09,999.27,318.83,548.91,684.55,586.01,552.61,1753.6,433.52,744.73,952.84,1061.7,1167.4,232.78,170.35,1547.5,1095.1,1540.9,528.8,1178.6,1285.6,741.31,282.3,1601.5,1968.2,566.31,845.8,1417.6,1044.2,1429.4,568.42,1168.1,1292.8,738.15,1749.7,1171.7,399.71,802.27,1274.9,584.76,1497.5,999.91,749.17,1550.3,567.69,1154.2,664.23,1037.9,328.88,1308.3,231.38,354.9,179.33,1553.5,293.58,623.76,240.38,218.84,135.47,635.52,1040.1,240.76,323.96,1365.1,1200.7,292.35,740.06,73.559,1287.3,1502.1,248.61,1062.8,1044.2,491.46,1836,1346.4,743.18,667.27,216.01,816.31,475.12,854.02,714.73,857.63,818.36,674.78,1320.6,1550.7,645.84,908.87,245.09,703.96,734.77,798.87,1005.2,698.48,565.69,507.44,730.24,952.33,1198.8,269.48,995.33,59.6,1257.6,764.3,765.37,404.42,544.72,246.07,201.31,579.96
2528.6,2027.6,1345.4,1638.5,2519.6,1480.9,2023.6,1978.4,2376.3,1734.3,2144.1,1730.6,2377.2,2397.9,1442.7,2919.2,1689.3,1569,1909.8,1705.8,1552,2045.7,1714.6,2503.8,1959.1,2034.4,2364.1,2388.8,2513.3,1545.3,2103.2,1352.5,1670,2072.5,1675.6,1955.5,1708,1632.9,1801.5,1685.6,1878.4,1763.2,1611.2,1920.7,676.97,1637.1,1871.9,2116.6,1841.6,1261.7,1420.2,1685.4,1845.1,1819,1618.2,2206.2,1697.2,1957.8,2077.6,1774,2068.9,2248.6,2408.5,1714.2,1792.6,1607.1,1786.3,2241.7,1167.4,2044,1887,1839.2,1916.5,1756.2,2149.8,1697,2392.4,1816,1941.2,1314,1531.1,1756.9,1599.7,1438.3,1256.6,1678.4,2172.3,2418.5,1728.6,2285,2385.5,2100.5,1360.5,1811,2718.7,1738.3,1505.9,1542.4,1369.9,1541,1799.9,1798.4,1942.1,1952.8,867.09,1942.5,1626.7,2144.5,2222,2029,1393.2,1674.1,1129.1,1777.6,1663.1,1773.8,1896.3,1922.2,2250.1,1883.6,1708.5,2684,2403.7,2138.9,1488.3,2100.1,1732.3,2086.6,1856.8,1233.2,2141.3,2094.6,1907.3,1925.4,1343.8,1750.8,1613.1,2832.7,2182.7,2337.1,2280.1,2122.7,1741.2,1394.7,2571.4,1929.3,1267.9,1837.9,2122.3,1680.9,2179.2,2563.4,1806.3,2567,1899.4,1699.1,1639.3,1512.7,1960.5,1499.9,1565.4,1632.6,2178.1,2462.6,1505.7,2419.5,1801,1610.2,1618.2,1715.8,1713.2,1464.7,2313.1,2320.2,1740,1289.9,1566.8,2562.3,1560.9,2238.2,965.06,1814.6,2016.6,2265.9,2555.4,2376.6,2555.4,2304.1,2454.3,2502.5,2498.1,2554.7,2215.4,2502.3,2543.6,2443.5,2255.8,2497.1,2514.8,1999.4,2247.9,2534,2553.2,2567.2,2229.6,2534.6,2579.9,2107.1,2279.3,2496.7,2562.3,2102.7,2360.8,2500,2594.8,2134.6,2542.1,2440.6,2609,2196.1,2563.6,2536.5,2695.8,2254.8,2585.7,2527.9,2437.1,2300.3,2587.6,2643,1660,2278.1,2563.7,2628.5,2523.9,2328.7,2570,2760.1,2243,2332.7,2571.8,2756.6,2075.6,2382.1,2627.4,2663.1,1837,2469.8,2545.7,2636.8,2130.6,2351.5,2635.2,2924.3,2035.1,2438.8,2590.8,2875.3,2961.9,2336.3,2694.7,3086.9,2660.6,2293,2536.2,2614.8,2781.2,2140.4,2543.1,2939.5,2669.7,2839.6,2300.5,2682.5,2589.9,2749,2141,2335.1,2876,2714.5,747.54,2155.4,2699.5,796.35,2149.4,2591.6,2445.6,2875.3,2769.9,2624,1717,2620.6,2953.1,2970.9,2821.9,1311.4,2703.7,2827.9,2812.1,2901.1,3004.4,2887.4,678.71,2334.4,2767.9,2906.9,2895.2,2818.6,2744.9,2492,2755.8,2736.1,3043.5,3177.7,1724.8,2476.9,2481.6,2815,2467.6,1963.3,2941,2170.4,2692.9,2414.3,2740.3,2537,2520.2,2729.6,1062.7,2488.7,3391.7,2718.3,2619.5,2554.8,2466.5,2870.5,2382,696.51,834.02,2007.2,2729.4,2778.7,2753.5,2859.6,2742.7,2161.7,2597.1,2633.8,2715,3033.1,2870.5,2542.5,2387.1,2747.1,2809.9,2719.6,2653.2,2467.1,1510.2,2714.3,2543.3,1734.8,1643.5,2267,2676.2,1143.4,1506.6,2512,2093.1,2614.6,1871.7,3234.6,2558.7,2696.2,2611.7,2792.2,2171,3038.5,1719.8,1543.7,1823.9,1690.2,1747.1,1741.4,2492.3,1495.3,1666.5,1731.3,1417.8,2454.2,2708.9,2416.2,2550,1799.8,2401.2,1901.4,1510.6,1599.9,2063.9,1930.7,2567.9,2410.3,1803.8,2660,2795.7,2648,1751.8,1205.3,1463.7,1663.7,1791.4,801.76,1519.8,1630.9,2757.2,1511,1615,2441,1768.3,1857.8,1069.8,2144.6,2132.1,2150.6,1736.8,2863.4,2359.4,1583.7,2373.7,1647.7,1570.7,1960.7,1469.7,1510.5,1765.3,1461.8,1649.9,2695.6,1432.1,2428.3,1834.3,2548.1,2162.4,1497.5,2485.2,2067.2,2035.4,1747.3,2357.7,2142,1223.8,1335.6,2550.9,1953.6,2535,1752,1963.1,1154,1308.3,2331.4,2241.5,1631.3,2232.2,2261,2003.6,2038,2243,1801.2,1991.3,2613.8,1881.4,2232.6,1541,2659.5,1673.3,1910,2119.6,1626.5,1515.5,1897.5,1849.5,3268.6,1944.8,1787.9,1824.4,1894,1694.6,1834.7,1801.8,1757.2,2187,1849.5,1969.1,2748.4,1699.3,2216.8,1728,2120.4,2455.9,1222.3,2730.3,1298.4,1788.8,2013.2,1838.9,1853.9,1983.4,1716.6,1740.5,1780.7,1934.2,1982.7,2116.4,1739,1948,1593.1,2143.5,1675.2,2447.8,1726.9,2552.3,1735.1,1785.6,1402.1,1052.8,1227.7,1853.8,1987.5,1993.8,2203.5,2232.8,1721.1,1942.6,1761.5,2105.2,1803.4,1759.3,1819,1708.4,1749.3,1943.6,2041.3,1990,1664.7,1748.7,1914.5,2167.1,1549,2099.9,2336.8,2380.8,1422.7,1467.2,933.97,1874.3,1989.3,2189.8,1880.9,1557.4,2172.1,1893.4,2041.2,1831.6,1879.4,2826.1,1828.1,1317.7,1673.2,1077.6,1489.7,1576.3,1956.3,2016.8,1641.9,1254.5,2414.2,1516.3,1926.4,1567.2,1910,1976.6,1764,1766.1,1292.9,1728.4,1474.8,2180,1629.1,1459.3,2007.5,1966.9,2252.4,2370.8,2002.8,1246.7,2593.8,2289.9,1556.1,2637.9,1967.2,2090.1,1567.9,1327.3,1962.3,1976.7,1527,2336.2,1921.5,2493.1,2066.7,2554.3,1762.9,1881.6,1891.5,1840.2,2562.4,2287.7,1536.1,3195.4,2769.6,1606.5,1810.2,1777.2,2007.9,1489.6,1763.3,1816.4,1397.5,2673.1,1889.3,2602.8,974.43,2391.2,1961.3,2242.5,1759.9,2790.4,2742.5,1551.8,1361.1,1644.4,1717.8,2059.6,1917.1,955.79,1925.1,2147,2039.9,1271.9,2386.4,1657.5,1810.3,1674.3,2290.6,1514.6,2330.3,1309.7,2526.3,2200.9,2263,1789.1,1787,1858.1,2389.3,2407.7,2061.9,1365.5,2627.5,1954.6,2036.6,1670.4,1753.6,2340.9,1745.1,2299.7,2311.8,1394.9,1751.1,1899.4,1811.3,1803.2,1438.7,2440.3,2117.2,1232.6,1942.5,946.88,2694,1520.2,2153,1498.8,1405.6,1913.9,1712.6,1658.3,2515.1,1494.1,1654,1443.8,2263.3,2299.4,1979.1,1763.3,2371.7,2367.8,2529.7,1949.1,2627,2417.3,1711.9,1688.1,2350.6,2474.3,1825.7,2421.6,2201.9,1630.9,2485.8,1585.4,1487.1,1958.9,1498.7,2391.6,2393.1,1872.2,2099.5,1971.1,1613,2614.8,2669.1,1857.9,2662.9,2461.4,2386.3,1009.2,1716.6,1433.9,2642.4,1593.2,782.35,1701.9,2475.6,1564.2,2096.4,1832.7,1628.7,1780.2,1547.9,1092,1730.7,1854.8,2229.9,2155.5,1502.6,1913.2,1649,2473.1,2134.8,1614.9,1862.5,2101.4,1331.7,2418.5,2107.8,2347.5,2539.7,2244.7,1677.2,1664.3,2096.4,1538.6,2158.3,1464.2,1888.2,2592.4,2003,1487.4,2448.4,800.53,1875.9,782.49,1406,1269.6,1545.7,1415.3,1401.8,2506.4,2177,1546.9,1609.7,2157.5,1868.7,2645.5,1340.1,2093.9,1608.1,1942.2,1656.9,1512.2,1178.5
3536.3,3038.9,2104,2674.6,3023.3,2491.4,3109.9,2516.6,3186.8,2548.4,3361.5,2768.5,3572.2,3152.5,2505.6,4000,2750.4,2204.8,3258,2248.4,2589.3,3228.7,2259.6,3182.9,2737.5,2092.9,2919.6,3545.2,2840,2638.9,2254.6,1926.4,2974.8,2968.4,2287.4,2559.9,2597.5,2128.7,2713.7,2760.2,3098.3,2699.6,2451.2,2501.8,2603.7,2748.5,2899.5,3373.9,3046.6,2758.3,2449.3,2910.8,2432,2500.7,2957.8,3252.7,2794.9,3252,2873.5,3064,3227.3,3162.1,3533.9,3240.8,2704.9,2937.4,2175.3,3055.2,2354.5,3514.8,3226.4,3114.2,3038.2,2077.4,2839.8,2320.7,3525.6,2552.2,2796.2,2192.6,2507.6,2665.8,2882,2492,2011.1,2329.8,3361.9,3046.9,2300.1,3277.4,4000,2600.5,2771.9,2166.9,3263.5,2650.5,2603,2201.3,2422.9,2401.2,2474.7,3471.9,2484.5,2429.1,2356.9,2117.5,2246.5,2641,2857,2061.7,2230,2034.5,2562,2541,2146.3,2336.1,2963.9,3026.4,2837,2108.9,2298.5,4000,3238.7,3358.3,2700.1,2780.4,2595,2946.9,3030,2210.9,3166.4,3066.8,2773,2985.8,2382.7,2524,3353.1,3508,3380.3,3084.1,3329.5,2273.9,2964.4,2769.5,3122.9,2583.6,2902.8,2997.3,2379.4,2660.1,3445.6,3477.8,2345.6,2806.9,2789.3,2936.2,2140.1,2628.1,2864.3,2652.4,2480.1,2181.6,3544.4,2734.2,2522.2,2639.9,2544.3,2587.3,2435,2499.1,2360.2,2656.6,3200.9,4000,2692.8,2376.7,3204.2,4000,2157.3,2347.1,2380.2,2716,3454.8,2568.8,3296.8,3246.6,3398.1,2658.9,2788.1,3220.8,3109.3,3682.9,2765.4,2999.6,3113.4,3211.6,2771.2,3064.2,3108.3,3133.8,2762.9,3101.4,3116.8,3086.6,2692.4,3149.1,3139.7,2925.2,2673,3008.3,3182.4,2901.7,2631.5,3042.6,3236.3,2825,2805,2802.4,3234.6,2791.5,3110.6,3159.8,3338.7,2799.9,3149.6,3167.8,3211.2,2788.7,3211.7,3222.3,3065.7,2741,3304.3,3221.2,3509.6,2773.3,3320.5,3233.6,2932,2705.7,3397.7,3283,2735.6,2626.6,3302.4,3381.4,2473.3,2664.8,2994,3307.9,3094.8,2644.9,3223.7,3471.3,3105,2858.1,3189.8,3405.7,3575.9,2879,3330.8,3628.4,3255.7,2729.9,3442.4,3139.3,3462.2,2965.4,3457.2,3370.2,3717,3545.5,2794.4,3387.5,3150,3325.3,2896.7,3471.9,3292.8,3265.4,2666.8,3030.8,3719.3,2680,2723,3446.9,3312.9,3429.9,3135.6,3386.8,2615.1,3414.7,3532.8,3459,3437.5,2840.4,3420.4,3443.8,3263.1,3429,3449.2,3372.6,2853.8,3214.3,3287.7,3393.2,3402.2,3393,3310.5,3384.7,3664.5,3280.3,3483.1,3520.5,2907.8,3400.8,3708.2,3340.4,3284,3200.5,3463.3,3150.1,3377.2,3493,3444.8,2789.8,3114.2,3593.3,2793.1,2985,4000,3229.7,3564.3,3428.7,3425.1,3381.7,2995.4,2961.5,3176.1,3263.7,3138.1,3365.8,3492.4,3509.2,3283.7,2734.2,3353,3383.5,3253.3,3411.8,3359.1,3394.4,3247,3395,3533.4,3321.3,3273.2,3330.5,2961.5,3328.2,3037.2,3068.3,3059.1,2744.8,3205.1,2692.2,2804.4,2936.5,2903.4,3284.6,2752.9,4000,3038.7,2995.6,3340.5,3577.6,2794.4,3476.9,2688.2,2942.9,3247.8,2821.8,2993.8,2848.6,3504.3,2719.9,2711.9,2890.6,2979.8,3404.4,3381.5,2890.7,2804.6,2891,3267.6,2754.9,2876.7,2715.8,2780.9,3001.8,3448.8,3446.9,2609.1,3405.3,3536.3,3214.2,2564.7,2750.8,2964.9,3059.6,2644.8,2964,2897.7,2536,3367.7,2572.4,2494,3128,2973.5,2703,2749.5,3090.7,3024,3092.9,2681.8,3065.8,3479.3,2771.2,3317.5,2908.2,3084,2780.8,2908.2,2594.5,3009,2417.1,2857.2,3400.4,2160.6,3135.4,2845.1,3265.6,3144.5,3094,3540.4,3344,3205.7,2948.8,2588.9,2299.1,2804,2941.8,3145.5,3124.5,2937.2,3138.4,2900.8,2796.5,2482.7,3477.1,3442.3,3146.7,3454.1,3026.8,3349.4,3400.1,3368.4,2686.2,3553,3238.2,2347.6,3231.9,2611.2,3247.8,2079.1,2034.2,3332.3,2781.2,2361.1,2411.1,3122.5,3426.1,2209.4,3441.1,2405.1,3469.8,2251.3,2588.6,2544.3,2011.6,2678.1,2291.2,3446.4,3506.8,2108.7,3495.6,2176.4,3338.9,3607.4,2099.2,3482.9,2952.3,3070.6,3324.7,3401.4,3383.7,3353.2,2061.4,2173,2936.2,2007.9,3123.4,2780.7,3556.2,3451.3,2068.4,3386.8,2132,3541.7,3365.7,3376.5,2988.9,3315.1,2322.9,2751.3,2328,2791.7,3207.1,3192.4,3295.4,3249.7,3016.2,2918.7,3060.9,3471.3,1860.3,2158.4,2674.4,2066,2639.7,2385.8,2509.9,3518.2,2544,2566.6,3171.9,3413.3,2460.9,2474.1,3329,2920.8,2334.1,3210.6,2481.7,2457.8,2918.2,2904.8,3262.3,3118.8,3474.9,3190.5,3128.1,2977.9,2229.3,3538.5,2313.9,2639,2684.3,2502.8,2255.8,2624.9,3185.6,3173.5,2838.7,2333.1,3348.7,2674.1,2584.1,2978.3,2400.1,2229,3121.4,2693.3,2194.2,2315.3,2104.5,2967.3,2774,1942.6,3349.8,3261.6,3132,3299.2,2562.1,2417.3,3419.7,3461.3,2821.1,2878.9,2964.6,2931.5,2214.6,2351.4,3152.6,2660.5,2677.1,2770,2847.7,3406,2883.9,4000,2668.2,2573.8,3435.1,2812.1,3454.1,3362,2260.8,3248.2,3700.5,2354.3,3337.1,2973.2,2974,2321,2643.4,3368.3,2363.7,3372.2,2477.7,3158,2606.7,2556.4,4000,3440.5,3263,4000,3213.3,2922.4,2419.6,2524.5,2105.3,2864.7,3328.8,2366.2,1967.6,3195.2,2801,2785,3015.6,2311.5,2772.9,2234.2,2928.2,2113.9,3655.9,2460,3412.8,3205.7,3530.7,3500.5,3477.7,2562.7,2982.9,3580.6,2789.4,2159.5,3451.7,3288,3311.8,2822.8,2798.1,3235.1,2695.2,2766.2,2818.4,2670.3,2200.6,3314.8,3494.8,2306.1,2987.2,3484.9,2299.1,2659.6,3344.9,2346.5,3548.4,2464.3,2717.2,2557.1,2146.6,2924.1,2796.4,2543.8,3545.9,2288.6,2688,2778.6,3052,3584.2,3004.2,2104.6,2480.3,2955.9,3347.6,3105.2,3467.8,3574.5,2493.6,2168.5,4000,4000,2874,2716.9,2510.9,2817.3,3507.4,3251.7,2893.8,3577,1893.9,3521,2697.1,2277.2,2560.1,2639.1,1925.2,3480.6,3571.9,2585.8,3218.4,2570.9,3392,2593.2,2811.6,2122.6,3010,2455.6,2441.4,3097,3204,2550,2189.3,2906.3,2458.4,2296.8,2274.2,2609.3,2756.9,2208.9,3264.1,3193,2535.6,2670.9,2253.6,2857.4,3169.1,2411.2,3428.2,3429.7,2425.6,3436.6,3264.3,2814.3,3566.5,3179.6,2919.9,2721.6,3125.3,2214.5,2995.2,2662,2625.1,3459.9,2416,2193.5,3113.9,2408,2953.9,2589.1,2339.8,2386.8,2469,2659,2443.1,3270.8,2859.7,3087.4,2496.5,3609.6,2411.6,3592.1,2314.9,2814.3,2626.3,2457.9,2577.9,2553.7,2126.1
0,4000,2874,4000,0,3580.6,4000,3480.5,4000,3439.3,0,4000,4000,4000,2969.8,4000,4000,3535.7,4000,3382,3583.1,4000,3424.8,4000,4000,3318.3,0,4000,4000,3203.8,4000,3202.7,3348.4,4000,3463,4000,3241,3292,2922.1,3543.3,4000,4000,2905.9,3428.9,3244.2,3155.5,4000,4000,4000,3873.3,3050.9,4000,3174.8,3534.8,3214.8,4000,3435.4,4000,4000,4000,0,4000,0,4000,4000,3586.9,4000,4000,3342.7,4000,4000,4000,4000,3276.8,4000,4000,4000,3388.8,4000,3358.3,3697.7,3065.9,3218.9,4000,3179.1,3519,4000,4000,3346.4,4000,4000,4000,3439.7,3229.6,4000,3424,3575.9,3614.4,4000,3361.1,3259.7,4000,4000,4000,3594.2,3076.5,3258.2,4000,4000,3553.7,3387.5,3442.7,3260.9,3273.5,3631.7,3710.6,4000,4000,4000,3359.4,3125.1,4000,0,4000,3191.9,4000,4000,4000,4000,3332.4,4000,4000,3293.2,4000,2829.3,3118.4,4000,0,0,4000,4000,3604.4,4000,3635.1,0,3525.7,3372.4,4000,4000,3126.4,4000,0,3279.1,4000,4000,4000,3306.6,3146.1,4000,3578.1,3200.6,3408.3,0,4000,3343.5,4000,3597,4000,3272,3607.9,3456.9,3278,0,4000,3542.6,3432.1,4000,4000,3314.4,4000,3626.5,3313.6,4000,3598.2,4000,4000,4000,3901,3451.1,3667.7,4000,4000,3433.1,4000,4000,4000,3695.2,4000,4000,4000,3598,4000,4000,4000,3478.7,4000,4000,4000,3695.9,4000,4000,3905.4,3622.9,4000,4000,3607.8,3619.2,4000,4000,3455.6,4000,4000,4000,3655.9,4000,4000,4000,3662,4000,4000,4000,3500.7,4000,4000,0,3684.9,4000,4000,4000,3474.2,4000,4000,4000,3698.6,4000,4000,3588.1,3714.1,4000,4000,4000,3508.6,4000,4000,4000,3527.8,4000,4000,0,3529.9,4000,4000,4000,3448.9,4000,4000,4000,4000,4000,4000,4000,4000,3544.3,4000,4000,4000,4000,4000,4000,4000,3435.4,3551.9,4000,3587.4,4000,4000,4000,0,4000,4000,3534,3459.6,0,4000,4000,3397.3,4000,4000,4000,4000,0,4000,3680,4000,4000,4000,4000,4000,4000,4000,4000,4000,0,4000,3302.8,4000,4000,4000,4000,4000,0,4000,0,4000,4000,4000,4000,0,3271.9,4000,0,4000,0,4000,4000,0,4000,3550.5,3637.4,3912.2,4000,4000,0,0,4000,3255.9,4000,4000,4000,0,0,4000,4000,4000,4000,4000,4000,0,3418.2,4000,4000,3744.1,4000,3614.1,4000,3406.1,3451.9,4000,4000,4000,3537.6,0,4000,4000,4000,0,3361.8,0,3695.4,3411,4000,3830.4,3200.3,3705,0,3369.3,3266.6,3910.6,4000,4000,4000,4000,4000,3661.5,4000,3228.3,3274.3,3224.5,3234.4,3330.3,0,4000,3587.5,0,0,0,3535.5,3391.1,3364.2,3637.7,3274.8,3366.6,3416.3,4000,0,3117.4,3438.1,4000,4000,3305.6,3557.5,4000,4000,4000,3160.8,0,0,3171.5,0,4000,3190.6,3254.8,3264.5,3431.8,3513.2,3705.3,4000,4000,3436.2,4000,3275.7,0,4000,3388.2,0,4000,4000,4000,4000,3220.2,4000,3442.5,0,4000,4000,4000,3403.5,3608.6,3063.9,0,4000,3501.9,4000,0,0,4000,0,4000,4000,0,3574.2,4000,3355.9,0,3362.6,3393.4,4000,3311.3,3591.1,3525.6,4000,0,3610,4000,3566.3,4000,3309,3476.2,4000,3627,4000,3573.8,4000,0,3479.4,4000,3505.1,4000,0,3426.5,0,3374.1,3362.8,4000,4000,4000,4000,2833.4,4000,4000,3567.8,4000,4000,4000,4000,3721.3,0,3463.9,4000,4000,0,4000,4000,3389.6,3494.7,3518.2,4000,4000,4000,0,0,4000,4000,4000,4000,3354.7,3626.2,3217.6,3465.9,4000,4000,4000,0,3435.7,3253.1,4000,4000,3414.6,3630.7,0,4000,3410.2,4000,3613.7,3299.1,4000,4000,4000,3163.4,0,4000,0,4000,3362.8,4000,3563.9,3658.1,3507.9,3810.5,3466.1,4000,4000,4000,4000,3668.4,0,3149.3,3270,4000,3126.2,3647.4,3399.6,3298.6,3647.3,3457.4,3384.7,4000,3408.5,3634.2,4000,3630.1,4000,0,3708.9,3469.7,4000,0,2844.1,4000,3676.7,4000,3240.4,3405.5,4000,4000,3170.9,4000,4000,0,4000,4000,3499.3,3174.2,4000,4000,0,4000,3320.4,0,0,3665.6,4000,4000,4000,3150.5,3402.3,4000,3550.6,0,4000,4000,4000,3379.1,4000,0,4000,4000,0,4000,3522.3,3281.3,3115,4000,4000,3383,2686.8,4000,4000,3229.3,4000,3585.3,4000,3451.8,4000,3347.6,0,3574.6,0,4000,0,4000,4000,4000,0,0,3350.8,3724.5,0,4000,0,4000,3293.3,0,4000,4000,4000,3281.9,3821.3,4000,4000,3159.5,4000,0,3214,3379.4,4000,3263.7,0,3529.9,3242.7,3554.6,3232.6,4000,3293,3259.5,0,3610.8,3749.2,3336.7,4000,0,3280.4,3494.2,4000,4000,0,4000,0,0,4000,3519.2,4000,4000,4000,4000,4000,4000,0,4000,4000,4000,3308,0,0,3362.6,4000,4000,3024.9,0,0,3059.9,0,3275.1,4000,3742.2,3460.3,3439.1,0,3715.9,3010.3,4000,0,3216.8,3248.5,4000,3577,3422,3406.2,3018.8,3201.2,3725.9,0,4000,3754.1,3154.9,3183.9,4000,4000,3536,4000,0,3690,0,4000,4000,0,4000,4000,4000,4000,3572.6,3237.1,4000,4000,0,4000,3277,0,3675,3598.9,3109.7,3237.9,4000,3378.1,3296,2996.4,4000,4000,3755.8,3369.2,4000,3611,0,3409.4,4000,3495.2,3249.1,3057.8,3383.1,3681.3
0,0,0,0,0,0,0,0,0,0,0,0,0,0,0,0,0,0,0,0,0,0,0,0,0,0,0,0,0,0,4000,0,0,0,0,0,0,0,0,0,0,0,0,0,0,0,0,0,0,0,0,0,0,0,0,0,0,0,0,4000,0,0,0,0,4000,0,4000,0,0,0,0,0,0,0,0,4000,0,0,0,0,0,0,0,4000,0,0,0,0,0,0,0,0,0,0,0,0,0,0,4000,0,0,0,0,0,0,0,0,0,0,0,0,0,0,0,0,0,0,0,0,0,0,0,0,0,0,0,0,0,0,0,0,0,0,0,0,0,0,0,0,0,0,0,0,0,0,0,0,0,0,0,0,0,0,0,0,0,0,0,0,0,0,0,0,0,0,0,0,0,0,0,0,0,0,0,0,0,0,0,0,0,0,0,4000,0,0,0,0,0,0,0,0,0,0,4000,0,0,0,0,0,0,0,0,0,0,0,0,0,0,0,0,0,0,0,0,0,0,0,0,0,0,4000,0,0,0,4000,0,0,0,0,0,4000,0,0,0,0,0,0,0,0,0,0,0,0,0,0,0,0,0,0,0,0,0,0,0,0,0,0,0,0,0,0,0,0,0,0,0,0,0,0,0,0,0,0,0,0,0,0,0,0,0,0,0,0,0,4000,0,4000,0,0,0,0,0,0,0,0,0,0,0,0,0,0,0,0,0,0,0,0,0,0,0,0,0,0,0,0,0,0,0,0,0,0,0,0,0,0,0,0,0,0,0,0,0,0,0,0,0,0,0,0,0,0,0,0,0,0,0,0,0,0,0,0,0,0,0,0,0,0,0,0,0,0,0,4000,0,0,0,0,0,4000,0,0,0,0,0,0,0,0,0,0,0,0,0,0,0,0,0,0,0,0,0,0,4000,0,0,0,0,0,0,0,0,0,0,0,0,0,0,0,0,0,0,0,0,0,4000,0,0,0,0,4000,0,0,0,0,0,0,0,0,0,0,0,0,0,0,0,0,0,0,0,0,0,0,0,0,0,0,0,0,0,0,0,4000,0,0,0,0,0,0,0,0,0,0,0,0,0,0,0,0,0,0,0,0,0,0,0,0,0,0,0,0,0,0,0,0,0,0,4000,0,0,4000,0,0,0,0,0,0,0,0,0,0,0,0,0,0,0,0,0,0,0,4000,0,0,0,0,0,0,0,0,0,0,0,0,0,0,0,0,0,0,0,0,0,0,0,0,0,0,0,0,0,0,0,4000,0,0,0,0,0,0,0,0,0,0,0,4000,0,0,0,0,0,0,0,0,0,0,0,0,0,0,0,0,0,0,0,0,0,0,0,0,0,0,0,0,0,0,0,0,0,0,0,0,0,0,0,0,0,0,0,0,0,0,0,0,0,0,0,0,0,0,0,0,0,0,0,0,0,0,0,0,0,0,0,0,0,0,0,0,0,0,0,0,4000,0,4000,0,0,0,0,0,0,0,0,0,0,0,0,0,0,0,0,0,0,0,0,0,0,0,0,0,0,0,0,0,0,0,0,0,0,0,0,0,0,0,0,0,0,0,0,0,0,0,0,0,0,0,0,0,0,0,0,0,0,0,0,4000,0,0,0,0,0,0,0,0,0,0,0,0,0,4000,0,0,4000,0,0,0,4000,0,0,0,0,0,0,0,0,0,0,0,0,0,0,0,0,0,0,0,0,0,0,0,0,0,0,4000,0,0,0,0,0,0,0,0,0,0,0,0,0,0,0,0,0,0,0,0,0,0,0,0,0,0,0,0,0,0,0,0,0,0,0,0,0,0,0,0,0,4000,0,0,0,0,0,0,0,0,0,0,0,0,0,0,0,0,0
0.011779,0.0090625,0.0076862,0.0030474,0.0060467,0.010959,0.0041264,0.0048088,0.010802,0.008219,0.0046592,0.0041489,0.011767,0.0048026,0.0078282,0.008778,0.0026915,0.0066152,0.0053735,0.01042,0.0061052,0.0021218,0.014291,0.012085,0.0058856,0.013284,0.0018143,0.0089261,0.0067958,0.0096699,0.0078394,0.0034897,0.011054,0.0048046,0.0052307,0.0034337,0.0071958,0.0075848,0.01007,0.010513,0.016085,0.0056044,0.0056764,0.012893,0.002575,0.0054975,0.0042461,0.010192,0.0096341,0.0078957,0.0021623,0.0065663,0.014747,0.0050121,0.0077049,0.0051139,0.0048555,0.0061575,0.0040362,0.0045961,0.0032991,0.0075926,0.0073061,0.0074714,0.0058951,0.0098574,0.010614,0.017795,0.003051,0.0073041,0.013054,0.0018391,0.0052816,0.0087621,0.0063536,0.008807,0.0031034,0.0085637,0.0031088,0.0033215,0.0068145,0.011225,0.012874,0.006988,0.0067157,0.0079327,0.0033467,0.0099408,0.011763,0.0075075,0.0065717,0.0051305,0.0098988,0.0032348,0.014343,0.0078499,0.0087846,0.0056038,0.0032717,0.0042902,0.008049,0.0057164,0.0066198,0.0075903,0.010039,0.0050704,0.0026212,0.012424,0.0058808,0.010387,0.0053003,0.0074363,0.005478,0.0080281,0.0035494,0.0049384,0.0056344,0.013535,0.0099255,0.0055834,0.0058158,0.0080672,0.0088116,0.010489,0.012589,0.010963,0.0066146,0.0080285,0.0063325,0.0045215,0.0070958,0.0047159,0.007123,0.0049421,0.0054095,0.0054737,0.0068836,0.0067639,0.0073905,0.0090526,0.012588,0.014414,0.011463,0.0091499,0.0086424,0.007381,0.0044412,0.0083352,0.0094757,0.012887,0.0093481,0.011344,0.0084704,0.005173,0.010641,0.0049271,0.0039112,0.0094707,0.0058276,0.0060893,0.0077425,0.0048995,0.0048142,0.006251,0.0041871,0.010648,0.010159,0.0057409,0.0060285,0.0085176,0.0082615,0.0049484,0.0049672,0.012081,0.0084314,0.0047816,0.003014,0.0069067,0.0038252,0.0061973,0.0073586,0.028086,0.12873,0.17916,0.14053,0.27324,0.26085,0.44965,1.4184,1.5625,0.51502,0.43154,1.8404,1.9037,0.84538,0.65116,2.0484,1.6025,0.99747,0.30434,1.2459,1.1739,0.91232,0.42966,1.3111,1.5539,1.0662,0.21978,1.4535,1.0319,0.98774,0.40815,1.3896,0.93019,0.79426,0.64179,1.3817,0.96861,0.64998,1.1112,1.4397,0.82931,0.47595,1.2347,1.1555,0.77062,0.19495,1.3749,1.3119,0.8686,0.20009,1.1345,1.0743,0.99646,0.23691,1.122,0.814,0.83734,0.27278,0.80485,0.71747,0.88877,0.14229,0.83785,0.64967,0.823,0.16229,0.47693,0.57536,0.56927,0.16083,0.368,0.51737,0.62987,0.15821,0.3983,0.5327,0.49598,0.13882,0.48285,0.45183,0.41154,0.25881,0.60776,0.40163,0.47987,0.43961,0.1019,0.16481,0.50756,0.3898,0.11007,0.27205,0.43706,0.34543,0.2701,0.067091,0.17288,0.38362,0.25245,0.060639,0.31683,0.35864,0.054827,0.12532,0.1011,0.42555,0.31208,0.34972,0.10021,0.10686,0.33644,0.32443,0.39583,0.059887,0.070365,0.28478,0.33011,0.20204,0.14758,0.080432,0.25316,0.045267,0.13341,0.14194,0.1296,0.21579,0.32944,0.15543,0.11069,0.054784,0.16286,0.20074,0.10825,0.15448,0.034524,0.13253,0.20651,0.1146,0.041115,0.061528,0.11084,0.099081,0.030474,0.054254,0.031643,0.13182,0.093634,0.095479,0.063519,0.015228,0.088743,0.13762,0.099235,0.03096,0.017299,0.069724,0.056974,0.057775,0.072081,0.041425,0.064575,0.089408,0.18402,0.073246,0.079679,0.071206,0.11941,0.20182,0.12815,0.088945,0.033003,0.03576,0.13581,0.14858,0.064252,0.039395,0.02186,0.042707,0.012685,0.0082543,0.025764,0.028492,0.032874,0.03841,0.046621,0.014964,0.018896,0.029729,0.008119,0.038598,0.027492,0.014705,0.048273,0.019701,0.011084,0.032634,0.00807,0.044056,0.059819,0.02568,0.0058523,0.020456,0.028321,0.0087427,0.0083739,0.016971,0.011635,0.0084657,0.013487,0.010563,0.032103,0.020226,0.017845,0.0040029,0.010858,0.017131,0.017632,0.0071724,0.02069,0.0068886,0.0057962,0.013361,0.014624,0.0058137,0.017777,0.015659,0.012155,0.0024745,0.017834,0.0032647,0.0043034,0.018739,0.0081242,0.015321,0.005267,0.0070837,0.016091,0.010957,0.010567,0.012338,0.0086113,0.0101,0.0048914,0.010198,0.01271,0.010639,0.0095683,0.014089,0.0040389,0.0082259,0.019279,0.0037145,0.0038827,0.0076832,0.0072653,0.0027543,0.0084112,0.0066041,0.0044072,0.016571,0.0061619,0.014231,0.0082337,0.012987,0.0071183,0.015308,0.0061186,0.005998,0.0056863,0.0076096,0.01062,0.0053412,0.0086742,0.0091117,0.0056597,0.0042631,0.0039051,0.0060466,0.014071,0.0051346,0.0052394,0.0075791,0.0037444,0.0036616,0.0073131,0.0071603,0.0088308,0.0071037,0.01573,0.0088226,0.0070116,0.0035677,0.010998,0.0024155,0.0050136,0.0095572,0.0088679,0.0047457,0.0081512,0.016502,0.024954,0.012525,0.014856,0.010516,0.010529,0.015209,0.024248,0.01321,0.0060224,0.038468,0.010184,0.017575,0.035184,0.0095422,0.017819,0.012968,0.031583,0.025936,0.0092418,0.018789,0.023007,0.017637,0.019795,0.015359,0.020467,0.018804,0.0067239,0.0061392,0.016814,0.013525,0.011263,0.015132,0.0075309,0.053373,0.0056425,0.0076536,0.0099705,0.0231,0.0077767,0.022255,0.011837,0.012097,0.023847,0.01738,0.022104,0.010087,0.017117,0.012986,0.0036277,0.0063374,0.0077203,0.019236,0.012296,0.0070459,0.0027973,0.011132,0.012101,0.0063588,0.0063723,0.013071,0.0048418,0.0071704,0.014683,0.0097015,0.0035558,0.0090456,0.012318,0.01043,0.01359,0.0035417,0.012536,0.0035413,0.003074,0.030817,0.0099524,0.0078975,0.0070768,0.012908,0.013692,0.0026926,0.0083045,0.0046376,0.0092271,0.011614,0.010684,0.0061533,0.011053,0.0093183,0.0055426,0.0040022,0.0090129,0.011792,0.0020312,0.0032229,0.0085559,0.015176,0.0071597,0.0058103,0.0094173,0.010523,0.0093173,0.0077965,0.010562,0.0049466,0.0055283,0.0078275,0.0050552,0.0044013,0.0070212,0.006414,0.0049065,0.0058971,0.0062714,0.0076688,0.0095923,0.0080993,0.0071448,0.0071101,0.01247,0.0077024,0.004054,0.0051108,0.0060268,0.0064664,0.0060237,0.009408,0.0084035,0.011672,0.0035747,0.010997,0.0049955,0.017512,0.0030254,0.0069446,0.010974,0.014642,0.0050079,0.0095943,0.0091207,0.0073597,0.009486,0.0046973,0.0023256,0.005054,0.0044334,0.0045739,0.0059519,0.019976,0.0096086,0.002671,0.003749,0.011717,0.0063661,0.007399,0.0059273,0.0041664,0.0085418,0.0047333,0.0083368,0.0058081,0.0033812,0.0080635,0.0093024,0.0037117,0.0064202,0.0047313,0.0081921,0.0059373,0.0079493,0.0044726,0.0088821,0.0039738,0.0064296,0.0049046,0.0060124,0.0076806,0.0081881,0.0072525,0.013322,0.0098026,0.0060621,0.0050426,0.011609,0.02016,0.011054,0.0040944,0.0053638,0.004429,0.011282,0.0039062,0.0071526,0.01222,0.0070759,0.0057538,0.0049772,0.0074842,0.0083635,0.0069989,0.006328,0.010561,0.0029724,0.00241,0.0043671,0.0043232,0.0065416,0.0023489,0.0055292,0.0051874,0.015559,0.0098786,0.0093878,0.01181,0.0072739,0.0054518,0.013373,0.0048589,0.0064099,0.0055657,0.011446,0.007053,0.017739,0.0087504,0.0078399,0.003428,0.0067672,0.0063731,0.009003,0.0071045,0.016227,0.012077,0.010171,0.0064332,0.0056619,0.0043066,0.0072438,0.0030037,0.015819,0.0026088,0.0089415,0.0019524,0.0025375,0.0084797,0.0044926,0.009066,0.011778,0.0074461,0.010364,0.01089,0.0069538,0.0063939,0.012701,0.0051338,0.0062517,0.0046279,0.012058,0.0024653,0.0066339,0.0065792,0.0033698,0.0063532,0.0038051,0.0092664,0.008241,0.0052412,0.0080419,0.0048855,0.0027055,0.0081228,0.0070001,0.0043843,0.0048555,0.0089715,0.0077363,0.0066947,0.0079774,0.0067295,0.011549,0.010026,0.003502,0.0062417,0.0075844,0.0060518,0.0084672,0.0038661,0.005599,0.0068994,0.0095524,0.0048349,0.0047236,0.0074957,0.0060021,0.0029755,0.0025566,0.0070142,0.0041667,0.010831,0.0030774,0.0023657,0.010052,0.0067294,0.0040566,0.0045652,0.010893,0.0091512,0.0070156,0.015412,0.0046584,0.0046981,0.01679,0.012152,0.0032266,0.0050448,0.005424,0.0089133,0.0092926,0.0085311,0.011598,0.0079394,0.0081835
0.025285,0.010984,0.0046827,0.011646,0.013632,0.014512,0.016623,0.012409,0.016694,0.011806,0.0080081,0.0084981,0.015941,0.013343,0.0047506,0.0055047,0.010549,0.003802,0.012744,0.0083996,0.0078062,0.0051957,0.0048218,0.014601,0.0068603,0.0023269,0.0094395,0.013297,0.0081136,0.0018918,0.0019808,0.007717,0.0045049,0.0027497,0.01009,0.0094446,0.0095416,0.010362,0.008737,0.014573,0.016495,0.011009,0.0089529,0.017291,0.01283,0.0054746,0.0064814,0.0016274,0.0081915,0.0053676,0.0064185,0.0070696,0.0098945,0.0096481,0.012144,0.0064989,0.011797,0.0057294,0.0084868,0.0064663,0.0084243,0.0062887,0.013809,0.0067602,0.01061,0.018281,0.0068231,0.011409,0.0060201,0.0088747,0.0089088,0.0077964,0.0084299,0.002975,0.0053825,0.012304,0.0074096,0.004911,0.013872,0.0034951,0.0058681,0.011566,0.0093378,0.0063287,0.0085758,0.016819,0.0084798,0.0054208,0.0027655,0.01079,0.0082754,0.0097243,0.0092508,0.0021881,0.0081649,0.0097206,0.012519,0.0080654,0.0061027,0.0057784,0.0070135,0.010216,0.0064258,0.0032204,0.0021227,0.00667,0.010411,0.0080661,0.010714,0.0076299,0.0069231,0.0075556,0.005518,0.01099,0.011044,0.0079578,0.0033218,0.0042446,0.011091,0.0058453,0.004087,0.0079044,0.01025,0.0087651,0.0090755,0.0027507,0.0081806,0.0084964,0.0092745,0.0051029,0.011813,0.0057405,0.0080858,0.0023831,0.0012338,0.0033156,0.0025007,0.0018764,0.014319,0.017616,0.011678,0.0064477,0.0058576,0.0095671,0.0042749,0.0086865,0.0065171,0.0052741,0.0014756,0.0080454,0.0099748,0.017664,0.010802,0.0027306,0.012283,0.006927,0.010892,0.0096981,0.0036856,0.011489,0.0037345,0.0090797,0.014029,0.0095306,0.0097496,0.0035188,0.0090718,0.0055535,0.01648,0.0053496,0.01194,0.0079648,0.0085147,0.0064984,0.006327,0.0039982,0.0075377,0.004109,0.0051974,0.0045925,0.0051372,0.024934,0.086667,0.053774,0.1433,0.17262,0.49618,0.21545,0.71366,1.1165,0.88099,0.24609,1.2018,1.4911,1.3903,0.89119,1.5042,1.775,1.0105,0.10531,1.4453,1.515,1.0902,0.33,1.3476,1.6829,1.2182,0.25162,1.0145,1.5696,1.0274,0.59363,0.64688,1.6533,0.6472,1.0098,1.1231,0.98573,0.35161,1.2306,1.3711,1.7621,0.63071,1.4347,1.3787,1.2046,0.19622,1.3563,1.4079,0.93311,0.22267,0.97832,1.2578,0.95936,0.65202,0.96505,1.064,0.41641,0.35789,0.58273,1.0402,0.51593,0.22935,0.34769,0.71717,0.41863,0.17649,0.56466,0.55791,0.24863,0.28528,0.32072,0.46337,0.21109,0.21154,0.46487,0.59543,0.10049,0.3337,0.46609,0.56393,0.35177,0.24009,0.38643,0.70648,0.15774,0.169,0.14846,0.57887,0.44818,0.28565,0.14679,0.22106,0.50119,0.39613,0.14223,0.094515,0.13381,0.23384,0.14865,0.021677,0.10019,0.25884,0.044614,0.061601,0.088555,0.1324,0.21744,0.15523,0.10213,0.024372,0.11507,0.20169,0.22716,0.092247,0.027088,0.22101,0.15788,0.11231,0.12739,0.14323,0.14566,0.20844,0.043898,0.18373,0.077214,0.16549,0.08496,0.069952,0.078775,0.07921,0.10034,0.2261,0.064663,0.019314,0.022082,0.17231,0.099837,0.063689,0.047047,0.092711,0.042115,0.12385,0.036543,0.043454,0.01134,0.10947,0.14227,0.011095,0.061948,0.052855,0.077881,0.21941,0.092019,0.064242,0.051696,0.040244,0.074257,0.054682,0.019396,0.037364,0.044496,0.072553,0.1136,0.057158,0.026956,0.033102,0.063555,0.10354,0.02539,0.070828,0.046568,0.030718,0.033741,0.1,0.029916,0.035521,0.043292,0.021373,0.025514,0.015793,0.01866,0.019167,0.0064748,0.043702,0.0092093,0.0099999,0.018235,0.0067315,0.01763,0.011037,0.015542,0.020201,0.01109,0.011083,0.029947,0.010251,0.0029564,0.02153,0.017822,0.031218,0.012118,0.026287,0.0064565,0.021741,0.014916,0.011905,0.011044,0.010929,0.023065,0.028098,0.016707,0.014763,0.0098821,0.010754,0.0059474,0.018502,0.0059852,0.0026501,0.014454,0.0099186,0.0096889,0.0055871,0.012144,0.019598,0.024859,0.018644,0.0051989,0.0065118,0.016629,0.015267,0.012655,0.013279,0.01251,0.016064,0.0047743,0.0074952,0.0054311,0.012362,0.016795,0.0045784,0.00978,0.014189,0.013218,0.0051176,0.010203,0.016457,0.022171,0.0054673,0.012153,0.018167,0.0082777,0.010632,0.021443,0.017656,0.011099,0.016541,0.0070092,0.0033347,0.007168,0.019587,0.017382,0.004929,0.0048625,0.0069669,0.014397,0.022997,0.018688,0.01576,0.0032062,0.0050266,0.01619,0.009558,0.010638,0.010864,0.0076941,0.0070411,0.010021,0.0052446,0.0063489,0.012897,0.0095293,0.015114,0.010335,0.011477,0.0049493,0.0091807,0.0054852,0.0029967,0.0096702,0.023048,0.013233,0.0040325,0.005673,0.0065044,0.010893,0.0024621,0.010062,0.0031608,0.013744,0.0057386,0.010453,0.0046764,0.029452,0.015004,0.019921,0.012361,0.018948,0.02488,0.016845,0.030881,0.035146,0.025998,0.012737,0.011835,0.014379,0.028215,0.010037,0.014994,0.0093949,0.013026,0.016218,0.022582,0.019819,0.043761,0.044087,0.037448,0.016876,0.025746,0.0099811,0.014393,0.03084,0.019067,0.047993,0.052304,0.018359,0.020115,0.012278,0.0081137,0.028201,0.0049015,0.030652,0.023839,0.004686,0.016436,0.016233,0.012221,0.014903,0.023434,0.015392,0.0053566,0.0091038,0.015131,0.0047518,0.012837,0.0041905,0.013467,0.025094,0.011117,0.012169,0.015459,0.0050715,0.014485,0.0093835,0.010569,0.0038701,0.011007,0.0094977,0.0054063,0.0057731,0.0074226,0.005469,0.013845,0.006708,0.017569,0.013815,0.016426,0.014746,0.019052,0.0063523,0.010667,0.010844,0.0069654,0.014331,0.0026642,0.0090833,0.0070248,0.018797,0.0044591,0.0051364,0.0073807,0.0096492,0.016098,0.0069805,0.005253,0.017113,0.014145,0.010895,0.0059412,0.0072897,0.0032184,0.010133,0.010378,0.005409,0.0075556,0.0013439,0.0057614,0.015438,0.0039123,0.011331,0.0069296,0.010478,0.0056649,0.0084119,0.010144,0.0068506,0.0035159,0.0039243,0.0017254,0.010158,0.0053062,0.0093774,0.0083608,0.012753,0.0084652,0.0052143,0.012714,0.0077335,0.0034129,0.012038,0.021254,0.011321,0.010356,0.0045189,0.011132,0.018919,0.013314,0.0018816,0.0067056,0.014216,0.012797,0.0069567,0.011951,0.0035453,0.0090592,0.0055207,0.010501,0.012306,0.014897,0.0091092,0.0098167,0.0078071,0.0016701,0.0081534,0.0038688,0.0087548,0.010293,0.0073292,0.0047789,0.0069254,0.006179,0.0032826,0.014122,0.0069105,0.0011268,0.0022574,0.0073133,0.0053417,0.0024887,0.0078883,0.0066813,0.0027165,0.0072225,0.014499,0.0032399,0.0067316,0.011745,0.0069283,0.014149,0.0079808,0.0050137,0.0066438,0.008061,0.011352,0.010858,0.0056067,0.0027507,0.010781,0.0066269,0.011161,0.014565,0.00672,0.0015474,0.010788,0.013434,0.01187,0.014026,0.01479,0.0049255,0.015054,0.01018,0.0070683,0.0069203,0.0038901,0.010774,0.0040537,0.0071362,0.0065887,0.007861,0.0066674,0.0086595,0.0067583,0.011297,0.00273,0.011955,0.014631,0.013333,0.012159,0.008136,0.0096557,0.015586,0.0079168,0.0054097,0.0022001,0.0061202,0.0077858,0.0091881,0.011764,0.0083023,0.010109,0.00973,0.0085372,0.007428,0.0072756,0.0060506,0.006396,0.013573,0.0055142,0.0056773,0.0024851,0.0063019,0.0044011,0.0054015,0.0017863,0.0083549,0.0082574,0.012357,0.0020878,0.0081714,0.010948,0.003321,0.0086163,0.0068725,0.0042705,0.0033937,0.012438,0.0045745,0.0072163,0.0081408,0.003266,0.0051206,0.0023061,0.0095309,0.0081237,0.010191,0.0048957,0.0073308,0.0024814,0.0021348,0.018624,0.011327,0.007175,0.0055339,0.0045474,0.0069945,0.014446,0.0044235,0.0080882,0.007139,0.0048239,0.0081908,0.006218,0.0015164,0.0069291,0.0073607,0.013509,0.0073446,0.015681,0.00989,0.0095002,0.0028238,0.0072872,0.0078592,0.0099494,0.012477,0.0024635,0.0057744,0.011149,0.0062664,0.0029346,0.0013853,0.0087686,0.0029564,0.0068619,0.021161,0.0077489,0.011579,0.007345,0.0057364,0.021331,0.020052,0.010164,0.003135,0.0050213,0.0059639,0.004689,0.0072297,0.012938,0.010026,0.0031615
0.010795,0.0077999,0.011907,0.012306,0.01157,0.011861,0.0125,0.0027464,0.006134,0.0037186,0.0088384,0.0095238,0.0025897,0.0097911,0.0025243,0.0030585,0.0050916,0.015388,0.013186,0.0085821,0.0059271,0.0063615,0.017567,0.0092325,0.013323,0.011895,0.010223,0.0059315,0.0066376,0.0071205,0.0057274,0.003772,0.0022492,0.0076172,0.0033741,0.0089038,0.002621,0.00796,0.0098349,0.0061322,0.012206,0.0066215,0.0061171,0.0086498,0.012129,0.004974,0.0096666,0.0061654,0.0060866,0.0091493,0.0064008,0.0071646,0.0033124,0.0038438,0.0038213,0.0098077,0.0032715,0.010955,0.0021534,0.011188,0.0038228,0.01226,0.0051344,0.016709,0.01094,0.0076052,0.0049377,0.0088385,0.010257,0.0075037,0.0067875,0.0087105,0.0069823,0.0071062,0.0017717,0.0062028,0.0029959,0.0024778,0.0062794,0.0092266,0.013523,0.0083068,0.0083989,0.0045345,0.0033164,0.013658,0.0076082,0.0092377,0.0095224,0.0033548,0.0061056,0.014922,0.0072236,0.0036429,0.0022205,0.0026272,0.004171,0.010421,0.0037146,0.0070118,0.0031283,0.0078518,0.0076821,0.011173,0.01221,0.001898,0.01085,0.011859,0.0031498,0.0017719,0.010295,0.01089,0.0041996,0.00355,0.0062206,0.0055213,0.0096435,0.0098021,0.0061279,0.0037776,0.0061027,0.0084497,0.01232,0.0051862,0.010019,0.010609,0.014185,0.0091568,0.0073969,0.0051202,0.012257,0.0083254,0.0043556,0.004909,0.0069835,0.0066903,0.01106,0.0079461,0.014851,0.0065194,0.0056187,0.0052326,0.0083749,0.0067151,0.010372,0.0054734,0.0047458,0.0048751,0.0083417,0.0069807,0.011856,0.0065797,0.012128,0.0048255,0.014048,0.0083155,0.0076094,0.0024587,0.0084602,0.005632,0.0087836,0.0071265,0.0092517,0.0044026,0.015483,0.0072772,0.0091542,0.018448,0.0071969,0.014844,0.0049252,0.0022077,0.0095406,0.012116,0.0058857,0.0078895,0.013107,0.0032691,0.004389,0.0015031,0.022426,0.023626,0.097696,0.09389,0.062495,0.13407,0.16969,0.25473,0.27086,0.27568,0.38016,0.18893,0.98141,0.63487,0.79056,0.22535,1.2337,0.77769,0.85637,0.42913,1.2476,0.83215,0.77964,0.28809,1.5515,0.70515,0.86024,0.53461,1.4061,0.9694,0.68417,0.53675,1.1783,0.78612,0.49463,0.83781,0.42971,0.8704,0.42048,0.92753,0.54768,0.43187,0.38257,1.1164,0.87507,0.69875,0.45633,1.1179,0.95598,0.98454,0.37899,1.0006,0.7488,0.99537,0.86312,0.8295,0.87402,0.32354,0.50174,0.6573,0.4103,0.46657,0.27084,0.60542,0.57866,0.52026,0.24661,0.25891,0.23938,0.26863,0.62837,0.40979,0.58754,0.20911,0.46346,0.33182,0.61759,0.23656,0.10899,0.43452,0.61427,0.21351,0.2551,0.26733,0.58263,0.23241,0.22455,0.3065,0.4447,0.43499,0.30595,0.12677,0.23911,0.32648,0.29707,0.19991,0.10683,0.30486,0.19871,0.28258,0.056835,0.25704,0.21994,0.14341,0.057929,0.093484,0.19641,0.3745,0.083443,0.18507,0.17042,0.04796,0.35206,0.079582,0.1179,0.092174,0.18922,0.20905,0.16246,0.15028,0.16726,0.17989,0.31887,0.12472,0.16831,0.13443,0.16634,0.2763,0.19957,0.14617,0.081165,0.092769,0.2103,0.061859,0.085955,0.079264,0.10345,0.17979,0.070279,0.022887,0.089036,0.04399,0.13258,0.052312,0.060918,0.019855,0.094597,0.089542,0.087879,0.056584,0.028329,0.088277,0.075804,0.0841,0.059501,0.058481,0.027488,0.11048,0.06613,0.049916,0.033817,0.074338,0.037226,0.058638,0.033533,0.032976,0.047076,0.13929,0.13876,0.10851,0.096237,0.041145,0.12777,0.086384,0.048043,0.01986,0.028523,0.066827,0.047311,0.027086,0.012319,0.047446,0.034699,0.0080426,0.041798,0.037935,0.013928,0.013617,0.021861,0.023187,0.036044,0.0034228,0.0083487,0.02231,0.024728,0.013064,0.010556,0.017195,0.028914,0.027041,0.044412,0.016297,0.015561,0.01952,0.020341,0.0093355,0.022483,0.020229,0.021404,0.018866,0.007982,0.024783,0.0099111,0.0099283,0.0069722,0.012183,0.018504,0.016229,0.014151,0.011264,0.007026,0.016432,0.016106,0.013977,0.008436,0.023173,0.02087,0.018966,0.0098258,0.026188,0.0089343,0.013484,0.027906,0.013159,0.019885,0.0082494,0.0083932,0.01573,0.025088,0.016596,0.018271,0.013542,0.028086,0.011254,0.012737,0.0054296,0.013697,0.018314,0.0059126,0.0098887,0.0039568,0.0093658,0.0069261,0.014208,0.018785,0.019913,0.015743,0.0078527,0.0078369,0.0047931,0.0067735,0.012538,0.008978,0.0066536,0.0042796,0.013049,0.019958,0.012401,0.0038357,0.0075513,0.014993,0.024086,0.010523,0.019273,0.0090861,0.0079826,0.0048765,0.010339,0.004471,0.0037976,0.014039,0.0075247,0.0061982,0.007358,0.012184,0.010626,0.0091529,0.015331,0.0059461,0.020415,0.016949,0.01698,0.0041531,0.0096446,0.0079941,0.003216,0.011772,0.018417,0.018062,0.0034695,0.009519,0.0077702,0.024594,0.025576,0.0046976,0.018505,0.026534,0.010748,0.014884,0.019246,0.0065631,0.027456,0.010839,0.016843,0.018717,0.021288,0.018871,0.013107,0.019683,0.024989,0.016495,0.012112,0.0042808,0.032065,0.052313,0.053679,0.021051,0.017452,0.028641,0.026144,0.0056931,0.015021,0.0064873,0.016975,0.021186,0.030077,0.014071,0.0081716,0.014226,0.013942,0.0058527,0.021348,0.024694,0.01539,0.0212,0.020609,0.020368,0.015976,0.0091756,0.013066,0.017734,0.014474,0.010199,0.011285,0.013138,0.014492,0.014171,0.0048088,0.016353,0.0084514,0.01562,0.0088138,0.020737,0.0051078,0.002604,0.010899,0.003798,0.01475,0.0076205,0.015554,0.0052475,0.010496,0.0069538,0.004292,0.010348,0.0079865,0.0073848,0.0084138,0.0084882,0.015107,0.0065865,0.0039695,0.0092131,0.0056337,0.0049919,0.010709,0.017827,0.015193,0.011882,0.0081185,0.015709,0.0080835,0.0070092,0.0086508,0.0088522,0.010519,0.011758,0.0039301,0.0058763,0.0068376,0.0053365,0.0050903,0.0013251,0.01249,0.0035371,0.0091338,0.0065369,0.0057403,0.012037,0.0038697,0.0036997,0.0066446,0.009357,0.0048356,0.0071203,0.0063293,0.012792,0.0099488,0.010303,0.0097094,0.0046385,0.0096634,0.0060117,0.017365,0.0044893,0.0078727,0.0078528,0.012828,0.01255,0.0078401,0.0068644,0.0034863,0.0051472,0.005657,0.014965,0.0057709,0.015014,0.010845,0.0022322,0.0038606,0.0055635,0.0028204,0.00948,0.0028534,0.0060959,0.0088748,0.015415,0.011393,0.011113,0.010549,0.0084433,0.021996,0.0046193,0.0077733,0.0048272,0.015727,0.0044922,0.0035774,0.0094061,0.020248,0.0071004,0.0035561,0.0051604,0.011193,0.0037055,0.0049193,0.0029382,0.010015,0.0051145,0.0074126,0.011621,0.0091862,0.009416,0.0090952,0.013229,0.012166,0.0094709,0.0061196,0.0087044,0.0086834,0.0056486,0.0066171,0.011618,0.0087504,0.018849,0.0052124,0.0031829,0.0041922,0.0043554,0.01182,0.0073498,0.0059715,0.0048329,0.01162,0.0080354,0.0035348,0.01322,0.0088961,0.012591,0.009165,0.0078483,0.0082819,0.0035706,0.0033428,0.0041804,0.0039839,0.0089904,0.0071531,0.012437,0.010077,0.0059698,0.0071145,0.0096265,0.0061649,0.0045665,0.0065356,0.0031957,0.0086169,0.0039377,0.0076141,0.011921,0.0025054,0.0093476,0.012037,0.0023463,0.0041835,0.0052166,0.011075,0.0045403,0.01598,0.0090987,0.013277,0.0065868,0.0083105,0.001503,0.008402,0.021062,0.017113,0.017987,0.010188,0.0067851,0.0055119,0.0033349,0.0072174,0.0056816,0.0077424,0.0089299,0.010739,0.0057875,0.0076583,0.0055329,0.0066857,0.0013756,0.0044672,0.0053999,0.0042366,0.0075344,0.0065487,0.010905,0.0074075,0.0048677,0.0074735,0.015324,0.0026673,0.0055926,0.0040622,0.010897,0.0052343,0.0085898,0.0078217,0.0024581,0.0068388,0.01333,0.0071187,0.0056694,0.0095343,0.0040247,0.01659,0.0033074,0.0023031,0.0083545,0.0064374,0.002865,0.0093818,0.0051204,0.0041203,0.005463,0.0080684,0.013238,0.009092,0.0070219,0.0017347,0.021507,0.013186,0.0068647,0.0070689,0.012392,0.007263,0.0086694,0.0026056,0.0075709,0.012067,0.013598,0.006461,0.020621,0.012699,0.0097645,0.0049953,0.0089725,0.015131,0.0029874,0.0024591,0.0035627,0.0091813,0.0094856,0.0070595,0.0084558,0.0065672,0.013964,0.016035
0,0.0047622,0.0066912,0.0024958,0,0.012892,0.0037462,0.0035384,0.0052497,0.0058602,0,0.002634,0.0033599,0.0027844,0.012839,0.0016077,0.0098039,0.0092591,0.0022636,0.0044628,0.0048784,0.001498,0.013646,0.0031999,0.0070013,0.0073108,0,0.0015793,0.0016971,0.0097244,0.0031146,0.0077948,0.011302,0.0017587,0.0080049,0.0059973,0.0098295,0.014492,0.0022123,0.0089993,0.018087,0.013145,0.0042372,0.0097652,0.011672,0.0032298,0.0082641,0.0011126,0.009374,0.0044773,0.0078895,0.0025772,0.005645,0.0035936,0.0091988,0.0033857,0.0057636,0.003116,0.012123,0.0018186,0,0.0035947,0,0.005475,0.003468,0.0047821,0.0048102,0.0028217,0.0028701,0.004006,0.0060059,0.0014253,0.0031688,0.012121,0.0029546,0.0058838,0.0017399,0.0063171,0.0059144,0.0033674,0.0070047,0.0083167,0.0047276,0.0040929,0.012283,0.0067631,0.0015415,0.0018552,0.010342,0.0013153,0.0027556,0.0057034,0.0069356,0.0073295,0.0024896,0.0046789,0.0089377,0.009075,0.0061913,0.0084457,0.0050882,0.0049369,0.005345,0.0043723,0.0050972,0.0040675,0.013289,0.012557,0.0051532,0.0080937,0.011022,0.014923,0.0094388,0.0091801,0.0089899,0.0056856,0.0045223,0.0055463,0.0028553,0.0095355,0.0047244,0.001303,0,0.0022187,0.012779,0.0037768,0.02205,0.0022904,0.0043467,0.0096479,0.0021766,0.0036249,0.0038513,0.0038457,0.0079241,0.010324,0.0026475,0,0,0.0023194,0.0080239,0.0052954,0.0032118,0.0031383,0,0.0018383,0.0070443,0.0028752,0.007874,0.0044845,0.0015617,0,0.0050826,0.0027532,0.0086862,0.0033424,0.012168,0.01473,0.0053259,0.0042719,0.012723,0.010251,0,0.0031501,0.011176,0.0098046,0.0048081,0.0076369,0.0096909,0.0074879,0.013463,0.011477,0,0.0016913,0.0066396,0.0054036,0.0023157,0.00099376,0.0068199,0.011066,0.0081343,0.043119,0.075575,0.048753,0.022608,0.11772,0.034117,0.10695,0.53537,0.26555,0.28068,0.042632,0.67584,0.44738,0.22714,0.13644,0.66421,0.44909,0.3531,0.24784,0.79543,0.31267,0.25971,0.40434,1.0577,0.54171,0.23603,0.36468,1.4702,0.29772,0.41166,0.31597,1.1446,0.37502,0.19387,0.65671,0.60297,0.25791,0.24816,0.95217,0.54638,0.32525,0.16151,1.0129,0.3385,0.1686,0.099003,1.0957,0.37657,0.15881,0.21481,0.90077,0.35793,0.20428,0,0.94543,0.16938,0.23279,0.68969,0.70022,0.14995,0.28883,0.26015,0.70005,0.11511,0.34498,0.46002,0.73665,0.26381,0.12861,0.77217,0.61874,0.12696,0.10197,0.21406,0.49146,0.23662,0.083039,0,0.41897,0.1787,0.04071,0.20435,0.44737,0.41011,0.043041,0.20205,0.17152,0.2927,0.036964,0.036579,0.028446,0.27585,0.28389,0.23079,0.092065,0.088339,0.23745,0.041146,0.072482,0.10728,0.21487,0.038119,0.036851,0.050316,0.059843,0.14691,0,0.20888,0.078062,0.10819,0.12657,0,0.053708,0.029674,0.15363,0.18463,0.036203,0.044058,0.07144,0,0.027431,0.21328,0.042389,0.049101,0.02244,0.06472,0.032291,0.04205,0.03446,0.017801,0.055216,0,0.015744,0.10682,0.018109,0.037132,0.031657,0.030192,0.025686,0,0.14623,0,0.019907,0.0096143,0.050554,0.067426,0,0.0764,0.055214,0,0.021191,0,0.011198,0.014671,0,0.025769,0.069916,0.042915,0.01532,0.025557,0.0069819,0,0,0.0087648,0.021357,0.033279,0.017014,0.019882,0,0,0.011353,0.019114,0.065324,0.015021,0.01393,0.013816,0,0.050541,0.0076357,0.0099226,0.0094547,0.023602,0.0086175,0.011973,0.029877,0.022519,0.0031306,0.011208,0.0049999,0.017462,0,0.010168,0.016933,0.011851,0,0.011629,0,0.021186,0.030455,0.01308,0.0028768,0.014112,0.0066154,0,0.032137,0.023599,0.006966,0.018176,0.0055198,0.0033196,0.0077574,0.018817,0.0047643,0.0079639,0.0043859,0.018229,0.029114,0.019729,0.020175,0,0.0019828,0.009202,0,0,0,0.014301,0.013368,0.0031214,0.0084382,0.014673,0.011252,0.014125,0.0078705,0,0.0092809,0.0090097,0.0056869,0.011561,0.014328,0.010048,0.0047616,0.017225,0.0064083,0.0062373,0,0,0.015861,0,0.010269,0.01674,0.0074897,0.010146,0.017518,0.014142,0.0059209,0.0050171,0.0023408,0.016261,0.002488,0.015623,0,0.0041057,0.0059422,0,0.0031049,0.0053107,0.012439,0.009957,0.007293,0.0069991,0.0051167,0,0.01016,0.0050839,0.0085623,0.0043238,0.0054591,0.017624,0,0.0018241,0.0077612,0.0018783,0,0,0.0023969,0,0.0077478,0.0017665,0,0.02392,0.0017888,0.014921,0,0.015819,0.014538,0.0017642,0.020588,0.012014,0.019771,0.010899,0,0.029267,0.0050119,0.012881,0.0039124,0.039928,0.02293,0.013113,0.025483,0.019266,0.019879,0.0048581,0,0.017767,0.0031258,0.039734,0.0054574,0,0.025496,0,0.020281,0.020937,0.0047413,0.012008,0.013016,0.0046186,0.030833,0.012474,0.0039536,0.019319,0.013654,0.013522,0.0079288,0.013364,0.018876,0,0.017538,0.0020183,0.0081115,0,0.012266,0.011952,0.015849,0.030913,0.028919,0.0039009,0.0071035,0.0036401,0,0,0.0043183,0.009524,0.011705,0.002281,0.010504,0.0071677,0.0091429,0.0090426,0.0072274,0.0037706,0.0027262,0,0.014752,0.012569,0.0012321,0.0032729,0.014735,0.0087846,0,0.0021494,0.021012,0.0051697,0.0047585,0.017181,0.0026331,0.0087391,0.010157,0.0049313,0,0.0017222,0,0.0037643,0.018836,0.0014636,0.0069655,0.0057086,0.0046859,0.0073659,0.0055592,0.004537,0.0039314,0.0062518,0.0078023,0.0044106,0,0.01229,0.0073689,0.010078,0.0064439,0.006107,0.0043448,0.013657,0.010998,0.0034811,0.0069582,0.0011502,0.0079304,0.011887,0.0048553,0.0021096,0.010131,0,0.0023315,0.013757,0.0011079,0,0.0029045,0.0030101,0.0033223,0.0082944,0.0049916,0.013202,0.0016528,0.0047851,0.0057301,0.003829,0.0065428,0,0.0081199,0.0033313,0.0038827,0.0080429,0.0023562,0.013234,0,0.0024988,0.012406,0,0,0.010988,0.0028201,0.0032027,0.0060432,0.0075076,0.003982,0.0022248,0.0053435,0,0.010078,0.0016208,0.011991,0.0052296,0.0015424,0,0.002131,0.0013522,0,0.0086878,0.010728,0.011159,0.011301,0.0054106,0.0022088,0.0035719,0.0072588,0.0010802,0.012641,0.0057989,0.0020103,0.012529,0.0078394,0.010588,0.00706,0.0076714,0,0.013402,0,0.0023444,0,0.0011498,0.0034781,0.0047677,0,0,0.0048413,0.0032227,0,0.005451,0,0.0095794,0.0026356,0,0.0070722,0.0025321,0.0020836,0.010525,0.0058765,0.0032948,0.0022548,0.0062998,0.0081189,0,0.0068045,0.0085617,0.0030311,0.011081,0,0.0075624,0.0018182,0.0045673,0.0067265,0.0042298,0.0026122,0.0054099,0,0.0069478,0.0059784,0.0059759,0.0028783,0,0.011381,0.011364,0.0088143,0.0012782,0,0.0014408,0,0,0.01255,0.0060376,0.0019336,0.001364,0.0031553,0.0030026,0.01071,0.0043252,0,0.0019212,0.0076254,0.0013166,0.010703,0,0,0.0047217,0.012654,0.008696,0.0066997,0,0,0.0081805,0,0.0049354,0.00092376,0.003921,0.0056128,0.010999,0,0.0056619,0.0090823,0.0062437,0,0.0067441,0.0061303,0.010934,0.0077087,0.007207,0.010282,0.0099783,0.0096997,0.0047732,0,0.0014597,0.0071525,0.0036676,0.0096361,0.002201,0.0023057,0.0079357,0.0053097,0,0.0063975,0,0.0018747,0.0032467,0,0.0030311,0.0093619,0.0084295,0.0055836,0.0058656,0.0064849,0.0074002,0.0059287,0,0.009098,0.011775,0,0.0038685,0.0033555,0.0034864,0.0084421,0.0052828,0.0024097,0.012381,0.0070332,0.0021336,0.0031359,0.0027271,0.010644,0.010715,0.0074944,0,0.01661,0.0072624,0.0061365,0.0076257,0.0092209,0.0028134,0.0085689
0,0,0,0,0,0,0,0,0,0,0,0,0,0,0,0,0,0,0,0,0,0,0,0,0,0,0,0,0,0,0.0023859,0,0,0,0,0,0,0,0,0,0,0,0,0,0,0,0,0,0,0,0,0,0,0,0,0,0,0,0,0.0013821,0,0,0,0,0.0015215,0,0.0012224,0,0,0,0,0,0,0,0,0.0031917,0,0,0,0,0,0,0,0.0021879,0,0,0,0,0,0,0,0,0,0,0,0,0,0,0.0014722,0,0,0,0,0,0,0,0,0,0,0,0,0,0,0,0,0,0,0,0,0,0,0,0,0,0,0,0,0,0,0,0,0,0,0,0,0,0,0,0,0,0,0,0,0,0,0,0,0,0,0,0,0,0,0,0,0,0,0,0,0,0,0,0,0,0,0,0,0,0,0,0,0,0,0,0,0,0,0,0,0,0,0,0.031268,0,0,0,0,0,0,0,0,0,0,0.23251,0,0,0,0,0,0,0,0,0,0,0,0,0,0,0,0,0,0,0,0,0,0,0,0,0,0,0.21979,0,0,0,0.11745,0,0,0,0,0,0.11479,0,0,0,0,0,0,0,0,0,0,0,0,0,0,0,0,0,0,0,0,0,0,0,0,0,0,0,0,0,0,0,0,0,0,0,0,0,0,0,0,0,0,0,0,0,0,0,0,0,0,0,0,0,0.022722,0,0.04202,0,0,0,0,0,0,0,0,0,0,0,0,0,0,0,0,0,0,0,0,0,0,0,0,0,0,0,0,0,0,0,0,0,0,0,0,0,0,0,0,0,0,0,0,0,0,0,0,0,0,0,0,0,0,0,0,0,0,0,0,0,0,0,0,0,0,0,0,0,0,0,0,0,0,0,0.0050291,0,0,0,0,0,0.0046593,0,0,0,0,0,0,0,0,0,0,0,0,0,0,0,0,0,0,0,0,0,0,0.0046721,0,0,0,0,0,0,0,0,0,0,0,0,0,0,0,0,0,0,0,0,0,0.0044849,0,0,0,0,0.0022362,0,0,0,0,0,0,0,0,0,0,0,0,0,0,0,0,0,0,0,0,0,0,0,0,0,0,0,0,0,0,0,0.0019712,0,0,0,0,0,0,0,0,0,0,0,0,0,0,0,0,0,0,0,0,0,0,0,0,0,0,0,0,0,0,0,0,0,0,0.0035103,0,0,0.0071007,0,0,0,0,0,0,0,0,0,0,0,0,0,0,0,0,0,0,0,0.0032888,0,0,0,0,0,0,0,0,0,0,0,0,0,0,0,0,0,0,0,0,0,0,0,0,0,0,0,0,0,0,0,0.0026945,0,0,0,0,0,0,0,0,0,0,0,0.0015409,0,0,0,0,0,0,0,0,0,0,0,0,0,0,0,0,0,0,0,0,0,0,0,0,0,0,0,0,0,0,0,0,0,0,0,0,0,0,0,0,0,0,0,0,0,0,0,0,0,0,0,0,0,0,0,0,0,0,0,0,0,0,0,0,0,0,0,0,0,0,0,0,0,0,0,0,0.0020858,0,0.0030807,0,0,0,0,0,0,0,0,0,0,0,0,0,0,0,0,0,0,0,0,0,0,0,0,0,0,0,0,0,0,0,0,0,0,0,0,0,0,0,0,0,0,0,0,0,0,0,0,0,0,0,0,0,0,0,0,0,0,0,0,0.0016148,0,0,0,0,0,0,0,0,0,0,0,0,0,0.0010456,0,0,0.003835,0,0,0,0.0012576,0,0,0,0,0,0,0,0,0,0,0,0,0,0,0,0,0,0,0,0,0,0,0,0,0,0,0.00094686,0,0,0,0,0,0,0,0,0,0,0,0,0,0,0,0,0,0,0,0,0,0,0,0,0,0,0,0,0,0,0,0,0,0,0,0,0,0,0,0,0,0.0016468,0,0,0,0,0,0,0,0,0,0,0,0,0,0,0,0,0
