82.131,976.73,755.23,626.3,634.95,510.27,508.28,713.94,561.88,868.1,1048.1,697.17,796.66,1210.7,1117,1274.3,614.15,52.891,951.21,1132.9,691.1,742.17,891.72,1073.5,735.25,912.64,523.23,640.79,535.22,689.86,594.34,1097.8,1750.8,809.39,1334.1,1106.4,1459.9,1921.4,1832.8,800.75,1123.2,1268.5,1321.9,1702.4,515.03,1574.8,1750.9,1785.7,1116.8,801,843.43,1583.7,487.63,1083.2,947.73,1341.4,1321.6,881.73,929.49,844.41,791.21,1279.1,1166.4,859.12,573.93,1069.9,1588,669.87,1085.9,1035.1,943.77,1488.7,1064.2,989.96,1482.4,889.43,1894.7,1010.1,1176.8,1315.6,1912.9,1727.7,1396.5,725.82,792.93,771.12,1764.2,1063.5,1136.7,1453,734.64,1255.5,1116.5,860.08,990.08,886.78,1155.6,841.84,1077.2,882.28,1179.5,1142.2,1343.3,907.5,864.43,829.3,1606.2,1248.3,1025,1065,1359,1458.5,1369.9,981.25,1150.5,1449.4,1338.3,1043.8,1029.3,1613,1203.7,1057.8,1676.7,2019.3,758.59,897,1202.9,1686.9,1368,865.56,1651.6,856.2,1588.4,1949.9,981.43,1050.2,1121,719.48,1164.9,1305.4,936.93,889.04,875.63,1115.5,1063.1,945.68,658.68,1815.1,545.13,476.55,1643.1,847.63,968.49,805.45,737.85,629.23,559.38,679.69,615.42,619,520.89,717.61,651.6,781.6,568.77,703.75,632.83,1150.3,697.69,781.11,778.98,733.96,801.96,785.13,597.68,304.02,721.08,797.7,985.78,614.02,770.64,821.75,780.02,674.44,785.57,946.85,725.15,725.84,753.41,802.32,776.75,741.58,817.68,730.52,794.33,580.82,770.84,612.66,727.71,379.82,802.97,650.41,809.64,374.81,831.33,769.41,784.85,909.33,762.46,894.54,802.62,977.65,786.29,835.07,905.88,951.33,659.19,860.41,819.56,836.44,484.61,831.21,550.92,775.35,1039.5,812.56,734.37,816.19,249.89,779.65,854.25,753.62,734.36,572.93,891.17,626.61,944.25,1129.9,826.11,740.02,977.93,900.93,687.77,860.62,671.81,982.15,442.25,824.74,645.29,763.4,1270.9,781.71,798.41,906.42,927.61,856.89,857.51,734.15,853.27,1049.1,794.08,856.89,851.84,956.95,191.19,842.53,770.35,866.14,472.86,816.06,901.33,863.64,874.16,968.34,810.04,859.65,894.52,706.43,768.28,880.35,1030.1,930.29,900.06,848.5,828.03,891.45,852.11,507.72,882.71,870.28,923.22,297.65,804.35,911.5,1069.2,887.89,339.18,833.07,893.89,969.08,930.52,825.1,887.12,853.22,839.64,885.83,780.96,835.05,879.55,838.75,610.85,768.85,825.43,887.57,906.1,430.23,686.46,777.5,609.02,309.21,671.55,833.85,678.76,846.3,511.81,1337.2,631.61,818.66,729.75,944.45,828.43,805.66,750.82,451.64,1356.3,790.99,787.9,685.48,270.22,703.54,751.2,800.22,722.27,326.71,409.48,691.33,796.52,372.13,691.68,715.88,769.32,971.02,542.43,443.22,760.01,641.9,413.66,617.19,711.27,726.71,787.57,763.03,810.65,722.09,749.2,466.36,469.17,725.65,284.73,751.41,821.37,985.15,312.58,783.6,775.19,427.52,661.82,735.87,746.96,678.23,573.4,769.53,772.52,883.12,533.75,613.32,697.61,729.75,515.15,200.99,389.61,637.04,553.8,675.57,540.47,716.3,713.48,531.47,587.08,417.4,750.85,801.77,342.6,514.41,706.22,585.42,680.14,797.14,295.37,440.39,661.42,332.45,494.82,688.28,658.37,643.58,826.18,1258.7,429.03,910.33,462.36,423.53,530.72,704.11,254.06,1232.8,470.46,417.64,1234.3,728.8,311.32,445.1,739.43,1042.2,325.52,1078.4,420.35,497.94,1425,315.22,1495.1,301.65,1663.7,427.63,465.17,443.9,820.64,874.26,704.01,395.11,727.55,1303.7,886.42,605.63,1059.7,670.35,970.85,145.04,1020.2,157.01,533.53,994.52,692.56,950.6,908.28,745.38,835.91,643.04,816.84,1027.6,822.77,803.61,976,1031.5,544.62,779.66,1000.2,1005.4,1246.2,1043.4,1057.4,913.46,417.57,900.1,1274.8,1351.7,1694.2,963.87,823.11,1295.5,843.03,743.77,1007.9,956.45,1114.6,1043.2,1067.7,850.44,1208.9,1125.5,650.33,923.27,1647.5,1227,1337,1537.9,757.35,1020.6,1557.6,1271.2,924.38,1116.2,1063.2,876.05,573,866.71,1381.6,527.48,1106.2,1362.9,1065.7,829.53,638.24,561.77,748.74,413.8,1004.5,585.59,606.88,625.79,737.32,813.84,1245.7,677.86,607.16,184.63,1399.4,774.47,539.61,777.66,1559.3,1315,330.74,870.83,735.68,641.15,1391.7,673.98,1085.2,739.61,814.09,615.59,1538.1,813.95,1103.9,899.86,846.41,1240.7,753.66,778.66,692.98,821.54,627.07,790.82,814.84,458.13,821.57,710.9,696.05,677.73,712.83,834.92,878.29,880.75,739.71,805.27,840.13,891.35,1731.8,1247.8,742.65,979.57,948.94,1397.7,749.22,530.89,921.96,1045,613.41,757.75,796.33,1093,430.29,1386.9,655.31,736.27,1020.3,556.21,1035.8,798.06,953.24,612.23,836.56,1395.7,638.38,875.62,1003.3,424.27,1777.4,824.75,777.66,1118,568.22,1228.8,1150.2,596.8,532.26,803.7,946.49,945.61,841.72,664.26,1296.6,740.93,968.63,1242.1,615.47,1044.9,1010,1169.9,1299.6,1081.3,999.67,739.08,760.58,655.11,638,1269.8,646.16,851.98,577.42,841.06,839.27,814.6,993.92,1091.2,1642.5,728.43,820.74,917.89,884.51,1376.2,1125,716.95,380.14,987.51,443.62,1028.7,379.01,593.27,949.14,1206.5,835.63,726.72,1024.6,619.79,834.82,897.31,427.12,971.35,1133.3,1196.7,1061.9,680.13,760.22,456.81,1376.2,1032.5,597.08,1084.6,745.43,1146,1206.4,1777.3,1734.6,781.05,872.27,1198.9,759.23,1402.8,1754.2,1049.8,1123,2155.3,1055.2,705.98,1385.3,1142.5,1445.3,1301.2,535.89,1352.8,892.57,419.12,740.34,673.17,494.34,864.03,644.44,510.35,730.8,1509.5,478.23,846.99,1688.2,818.21,616.38,1068.8,969.73,396.76,750.54,1140.3,706.64,1145.3,1073.4,832.73,878.57,853.59,629.09,722.33,915.52,1202.2,1303.6,1049.1,1516.1,1090.2,1322.7,744.36,664.14,644.65,932.52,1085.2,636.04,630.65,1175.6,563.61,1165.8,1480.3,683.15,1046.6,1083.2,351.55,714.35,544.7,946.64,359.31,1283.7,1042.1,601.43,1105.3,1416.1,437.64,396.61,861.57,1151.2,411.13,1041,369.06,576.6,994.54,1490.2,963.79,873.22,1569.2,2053.1,896.67,865.57,463.48,537.35,421.55,1278.3,891.59,677.74,849.07,653.71,879.86,1134.5,1577.5,895.33,1285.8,678.71,927.21,1177.4,1312.5,626.75,1030,936.17,1572.3,1169.1,358.87
1713.2,1669.7,1121.4,1799.6,2099.3,1662.8,1702.5,1280.8,1202.2,1866.7,2106.8,1913.4,2190.2,2416.4,2181.2,1900.8,1700.9,1572.4,1532.4,2195.4,1899.5,1833.4,1921,2367.5,1747.5,1954.3,1900.6,1722.9,1596.8,1639.2,1830.1,1798,2848.4,1126.2,1733.5,2331.8,2095.2,2436.8,2498,1718.2,2186.2,1836.4,2408.1,2117.8,1872.1,2455.7,1975.8,1931,1594.7,1964.3,1827.5,1804.8,1659.4,1984.7,2078.6,1976.4,1844.1,2106.7,1701,1778.8,1782.1,1342.7,1822.2,1957.7,1873.7,2097.9,1798.5,1667.6,1824.7,1576.3,1685.4,2067.1,1891.1,1888.5,1625.5,1677.4,2088.7,1719.2,2080.5,1943.2,2320.4,2109.7,2379.1,1925.7,1937.2,2179.9,2000,2016.3,1792.1,2041.7,1650.5,1813.5,1925.1,2021.3,1792.1,2011.2,2074.1,1601.4,1758.4,1830.5,2152,1898.4,1935.3,1930.5,1509.1,1652.1,2874.8,1806.1,1925.5,1862.6,2098.6,1778.7,1875.5,2235.6,1950,1869.2,2157.3,2061.9,1750.3,1825,2041.9,1997.5,2140.3,2574.3,2047.9,1847,1830.4,2300.4,2011.2,2039.3,2633.9,1947.4,2150.5,2196.4,1652.1,1629.2,1724.6,1888.1,1713.7,2056.4,1977.3,1799.8,1799.6,1624.3,2498.1,1756,2002.1,2712.2,1522.2,1804.9,2409,1655,1209,1447.2,1223.6,1101.5,1321.6,1148,1058.5,1260.8,1194.1,1200,1081.2,1826.3,1544.6,1133.7,1017.4,1291.6,1569,1429.5,1406.9,1881.1,1492.5,1526.7,1567.7,1496.2,1224.7,1195.3,1170.5,1181.9,1241.4,1341.9,1209.5,1215.3,1297.1,1347.4,1190,1132.4,1241.9,1644.9,1256,2319,1365.1,1538.3,1589.6,1153.4,1317,1354.4,1335.3,1015.3,1380.8,1417.6,2223.3,1449.7,1478.3,1429.2,1204,1700.8,1482.7,1460.1,955.58,1357.5,1484.1,1366,1313.3,1644.4,1165,1411.7,1796.2,1287.4,1247.3,1415.8,1362.9,1394.5,1613.3,1411.8,1463,1385.6,1238.9,1321.1,1509.7,1660.2,1589.1,1828.9,1576.9,1476.3,1696.1,2242.9,1443.6,1139.1,1617.8,1598.7,1336,1493.6,1588.4,1142.3,1552.7,1393.1,1295.2,1669.4,1470.9,1399.6,1313.8,1298.2,1441.8,2015.9,1496.5,1407.3,1759.2,1985,1380.8,1335,1162.1,1491.9,890.23,1430.8,1348.1,1745.6,1643.5,1598.6,1311,1249,1302.1,1733.3,1413.9,1425.4,1296.4,1199.2,1248.7,1274.2,1625.1,1425.2,1043.8,1464.6,1287.2,1307.8,1266.2,1058.8,1547.9,1363.1,1582.4,894.8,1755.7,1818,1946.7,1239,1202.9,1502.3,1819,1237.6,1756.7,1556.7,1655.1,1496.2,1717,1393.8,1930.8,1556.9,1310,1111.9,1105,1409.3,1521,1690.2,1438.8,1067.3,1434.3,1896.9,2036,1803.3,1955.6,2052.6,813.72,1521.1,1570.6,2369.2,1785.2,1191.4,1819.9,1890.5,1994.5,2289,1786.9,2053.4,2075.9,1039.2,1601.7,1590.6,1477.3,934.86,2096.4,1545.3,2188.2,1778.3,2049.9,2085.5,2292.8,659.92,2164,1313.2,1596.4,2167.9,1442.8,2132.5,1510.5,1972.4,2283.9,1454.8,1925.9,1364.3,1988.5,764.98,2264.3,2285,1366.5,2154.6,1759,1023.9,762.6,2322.1,1260.4,2249.9,2138.2,1927.7,2294.6,2090.2,2129.1,2175.8,888.21,1778.5,1614.2,2554.9,1811.2,2530.9,598.35,2236.1,2225.9,2017.5,1936.1,1916.7,1989.3,1937.6,1988,2142.3,1389.7,2158.3,1990.3,2096.5,1929,1947.8,1977.2,2014.3,1730.4,1939.1,2022.8,1908.3,1963.6,2053.2,2292.3,1684.4,1869.1,1113.9,1824,1953.3,1939.7,1683.3,2298.7,2001.4,2082.3,1844.7,1536.9,1791.3,1828.1,1622.2,1494.3,2133.4,1468.5,1546.7,1822,1465.8,1080.2,2017.6,1931,2631.5,1650.6,1756.7,2171.3,1755,2471.6,1789.3,2084.8,1872.5,2772.9,1997.9,1157.3,1508.6,1180,1735.8,1684.5,1602.4,1802.5,2400.3,1743,1843.9,2011.9,1746.4,1855.2,1817.6,1608.8,1336.7,1848.3,1991.9,1516.5,1424,1867.5,1942,1801.2,1716.1,1536.4,1689.1,1732.8,2055.7,1704.6,1943.3,1782.2,1890.3,1874,2022.2,1998.2,1847.4,1477.5,1616.9,1778.1,1796.2,1811.3,1905.8,2170.5,2058,1966.8,1805.8,1721.5,1786.6,1991.2,2022.3,1835.3,1560.9,1915.9,1839.5,1807,1593.1,1920.8,1921.3,1917.4,1642.1,1787.2,2199.4,1799.9,1816.7,1669.5,1728.1,1671.1,1946.4,1447.6,1782.1,1907.8,2075.9,2655.9,1611.6,2530.8,1899.7,1945.2,1974.1,2035.8,2054.4,1504,1816.8,1738.6,1815.2,1586.2,1564.2,1924.1,2269.4,2081.6,1923.8,2185.6,1439.1,2246,1629.4,1235.7,1486,2700.8,2233.5,1849.3,1701.5,1735.7,2013.1,1432,1600.3,1797.5,1674.1,1743.6,2076.8,2674.6,1514.9,1860.3,1851.7,1776.3,1291.5,2003,1644.3,1792.6,983.31,1811.6,1678.6,2198.1,2065.6,1591,1768,1762.2,1594.1,2174.4,2297.9,1852.9,1449.2,1561.9,1680.9,1691.3,1777.5,2445.9,2103.1,1663.7,1758.9,1842.4,1788.4,1002.1,1764,1795.4,1262.1,1456.1,1820.2,1493.5,1864.8,1733.5,1747.9,1673.8,1917.6,1779.7,1649.8,1668.8,1623,1875.2,1700.6,953.59,1880,1837.3,1708.3,1635,2056.1,2603.1,2077.6,1677.2,1654.3,1900.2,2161.2,1864.5,1435,2088.4,1446.9,2172.5,2512.8,2143,2138,2759.1,1527.1,1355.9,1826.3,1499,2042.2,1385.6,1814.7,1928.5,1707.7,2002.5,1871.8,1376.1,1824.6,2376.1,2337.4,1988,1361.2,1391,1612.2,1501.4,1954.9,1523.4,1637,1760.4,2039.2,1893.5,1594.9,2282,2581.7,2043,1332.8,1762.4,1306.6,2221.8,2003.7,1323,1321.3,1706.7,2200.8,2089.8,1427.5,1277.2,1328.8,1973,1896.7,1381.1,1287,1805.9,1729.6,1149.7,1774.6,1872.6,1976.8,2226.7,1788.5,1841.5,2538.4,1912.1,2138.8,1611.6,2525.8,2507.2,2050.3,1390.3,1892.9,1902.3,2526,2304.5,1692.5,1675,2701.4,1909.5,1923.3,2321.6,1634.6,2230.4,1938.1,1676.9,1808.4,1377.4,1165.5,1566.2,1823.5,1087.4,1246.7,1670.5,1864.7,1786.9,2130.2,1356.3,2142.4,2620.2,1848.8,1660.7,1524.2,1599.6,1719.4,1839.5,2017.4,2024.9,1966.9,1369.5,2659.5,1647.5,1349.6,1693.5,1953.7,2040.3,2202.5,2476.2,2012.3,2146.3,2326.6,2282,1630.2,1637.7,1519.8,2008,1774.5,1989,1813.3,1793.3,1866.9,1596.1,1923.8,1824.7,1736.2,1490.1,1938.1,1457.2,1650.3,2331,1550.8,2492.3,1723.6,1621.2,1472.6,1822.8,1679.9,1761.5,2349,1749.2,2346.3,2000.5,2057.5,1549.9,1688.2,1940.7,1719.9,1705.3,2760.7,3334.7,1742.4,1760.7,1658.4,1381.3,1649.4,1913.7,2069.6,1431.1,1637.8,1314.7,1420.7,1724.5,2735.2,1713.9,2260.7,1694.1,1554.8,2373.7,2881.5,1181.5,1594.8,1551.7,2064,1719.8,1499.7
2724.2,2330.9,2779.9,2677,2292.7,2979.6,3174.4,2374.2,2115.5,2658,3576.6,2221.9,3176.1,2731.1,2636.1,2834.6,2902.2,2797.4,2570.6,2623.8,2040.6,2475.9,2797,2660.5,2193.8,3052,2697,2218.5,2240.3,2547.6,2369.3,2569.5,4000,2199.4,3276.7,3344.9,3186.9,3625.5,3450.5,2861.7,3420.6,2952.3,3050,3306.2,2108,3099.2,3205.3,3304.1,2553.2,2661.7,2715.1,3262.9,2654.8,2524,2626.8,3000.5,2569.8,3061.2,2629.9,2869.3,2855.5,2855.3,2466.6,2885.6,2311.3,2190.7,2877.5,2269.5,2258.1,2942.2,2735.7,2224.3,2561,2476.1,2088.2,2464.1,2994.2,2205.4,2557.7,3039,3221.4,3179,2802.2,2755.7,2792.5,2639.9,2990.4,2502,3079.2,3311.9,2583.3,2558.8,2981.7,2990.1,2485.8,2558.4,3113.3,2884.2,2621.6,2327.9,3117.5,2301,2720.7,2432.2,2873.9,2712.6,3550.1,2612.4,2831.7,2711.2,2462.9,2643.9,2910.3,2709.3,2439.1,2605.6,3295.5,2707.8,2846,2388.3,2927,2729.6,3576.7,3383.8,2625.4,2494.9,2855,2682.3,2369,2894.9,3374.7,2455.9,3029.7,3391.2,2651.4,2560.7,2790.1,2832.7,2716.8,2657.3,2708.6,3664.5,2320.6,2567.5,2877.5,2858.5,2509,3692.2,2821.7,2353,2904.4,2524.9,2783.4,2486.3,2499.3,2452.2,2739.4,2531,2606.7,2394.3,2201.2,1813.2,1859.9,2181.3,1589,2070.4,2465.3,2686.8,2368.7,2416.3,2473.8,2805.4,2430.2,2476.3,2364.4,2011.1,2205,2388.6,2423.9,2150.9,2430,2385.9,2352.6,2203.9,2380,2380.9,2265.1,2294.2,2297.6,2271.7,2510.9,2739.6,2485.4,2592.1,1946.1,2402.3,2099.3,2501.5,2136.2,2221.9,2092.1,2682.2,2266.3,2294.1,2328.6,2163.4,2332.5,2832.4,2122.5,2650.4,2357.7,1621.4,2305.7,2170.5,2485.1,1674.5,2212.1,2135.3,2727.2,2015.2,2222.7,2250,2411.1,2079.5,2559.8,2261.2,2527.3,2375.5,2226.7,2274.9,2099,2575.2,2481.6,1848.3,2532.2,2656.3,2530.4,2437.8,2379.8,2703.2,2751.3,2733,2114.9,2694.5,2296.9,1909.5,2303.1,2339,2488.7,2550,2776.3,2238.3,2679.5,2774.5,2376.7,2632.5,2147.4,2498.1,2270.6,2647.3,2262.3,2251.6,2627.9,2347.5,2128.2,2069.7,2329.8,2608.3,1979.8,2088.1,1992.3,2523.8,2463,2683,2057.1,2226.3,2554.4,2467.8,2032.6,1964.3,1818.7,2466.4,2868.7,2271.8,2162.4,2742,1985.6,2510.3,2411.8,2307.8,2551,1854.8,2086.4,2588.7,2117.6,2472,2152.7,2390,2770.2,2610.4,2661.6,2825.6,2365,2185.7,2093.5,1914.7,2825.3,2224.6,2279.7,2495.6,2388.5,2400.6,2058.4,2131.3,2261.5,2016.1,2183.6,2504.9,2620.8,2252,3029.6,2677,2257.8,2433.5,2195.3,3175.9,2671.5,2395.8,2794,2902.7,2676,2789,2124.5,2347.9,2703.2,2364.4,2106.5,2428.7,2873.8,1955,2629.5,2057.4,2607.9,2516.2,2473.6,2645.7,2899.1,2265.7,2537.6,2115.8,2094.1,2705.6,2223.7,2684.1,2594.6,2139.7,2395.8,2340.8,2215.5,2257.4,2917.3,2661.2,2698.1,2665,2198.4,2224.5,2588.5,2461.4,2311.6,3093.6,2425.4,2678.2,2832.7,2822.3,2745.5,2450.2,2739.7,2752.3,2244.1,2306.6,2775.4,3033.2,2559.2,2533.6,2135,2899.5,2988.5,2817.7,2285.6,2516.6,2130.5,2725.3,2430.1,2721.8,2064.8,2958.6,2933.8,2778.3,2315.4,2279.8,2363.4,2630.8,2159.3,2382.5,2854.7,2024.9,2756.8,2861.1,2733.6,2718,2664.3,2469.9,2444,2727,2947,2780.5,2972.8,2639.9,2786.5,2859.8,2389.9,1800.3,2661.4,3052.5,2448.3,3030.9,2751.7,2676.9,2810,2706.6,2567.3,2861.2,2889.7,2860,2643.9,2758.3,2843.7,2282.5,3372.6,2590.8,3291.6,2063.8,3375.5,2442.6,2700.3,2524.2,2424.9,2741.1,2449.9,2718.8,3173.9,2999.1,2710.5,2533,3252.5,2809.8,2519.6,2423.8,3084.5,2849.4,3440.6,2715,2250.7,2493.8,2667.7,2558.4,2899.9,2597.1,2423.1,2695.6,2704.1,2567.6,2175.2,2257.8,2194.9,2758.9,2731.5,3398.5,3234.1,3016,2898.2,2994.9,2616.1,2355.1,3122.9,2932.4,3461.3,2415.3,2267.4,2325.6,2749.2,2303,2780.4,2946.5,2483.6,2704.1,2427.5,2768.4,2591.3,3051.9,2809.7,2414.5,2068.1,2499.8,2153.8,3331,2706.2,2432.7,2230.2,3403.1,2654.3,2926.9,2639.2,2727.8,2492.6,2591.6,2782.9,3177.4,3119.2,2907.7,2462.1,3235.6,3208.7,2322,2123.2,2585.1,2875.4,2615.3,1957,2743.2,2746.1,2833.8,2706.1,2393.9,2738.6,2871.9,3223.2,2380.5,2765.6,2210.3,3141.2,3092.3,2880.6,1921.5,2792.3,3211.5,2818.3,2817.2,3023.7,2000,2928.2,3239.7,3462.8,2559.2,2988.4,1900.6,2177.8,3112.2,3156.1,2439.8,2810.8,2828.2,2921.6,2798.1,2801,2546.2,2879.7,2447.4,2643.5,2818.8,2971.8,3159.2,2367.8,2454.3,2412.2,2707.6,2260.7,2894.9,3262,2915.2,2283.2,2691.1,3314.7,3380.2,2465.3,2876.9,2524.9,2367.6,2662.4,3004.2,2502.7,2539.4,2783.9,3370,2892.7,2744.6,3046.7,2250.1,2792.5,2439.9,2494.8,2246.1,2656.2,3242.5,3012.8,2193.8,3031.3,3060.9,3748.2,2435,2197.5,3320,2581.2,2619.9,3129.6,2782.8,2381.3,2776,3196.1,3445.9,2557.9,2625.3,2925.2,2807.2,2439.4,3083.9,2745.8,2702.3,2364.3,2339.7,2789.9,2296.1,2538.4,2672.7,2316.7,2322.2,2956.4,3399.5,2987.6,2660.3,2215,2782.3,2512.1,2587.9,2518.5,2921.8,3318,2470.9,2932.8,3072.4,3500.9,3082.3,3142.1,2706.7,3198.2,2430.3,2999.6,2699.7,2435.7,2608.5,2503.6,3013.9,2429.8,2574.1,2411.7,2612,2694.5,2421.3,2630.6,2368.6,2392.4,2800.8,2468.2,2487.8,2797.4,2263.3,3080.9,1931.9,2717.8,2905.4,2922.2,3461.3,3178.1,3498.7,3198.9,2407.9,2346.1,3096.3,2501.8,2781.8,2937,2999.4,2478.9,3482.9,3006.8,2840.3,2957.1,2522.5,2825.7,3086.1,2661.8,3202.1,2822.3,2565.1,2838.1,2428.6,2677.2,2939.2,2810.4,2335.7,2697.1,2736.7,2940.3,2621.7,3705.1,2136.9,2249.2,2693.1,2696.8,3019,2645.1,2824.5,2457.3,2277.2,2702.6,3076.5,3574.1,2572.8,2590.5,2833.5,3201.3,2686.5,2809.3,3016,3414.1,3137.7,3494.3,2063.9,2776.4,2377.4,2939.3,2908.2,2442.1,2439.7,2665.5,2301.1,2233.5,3292.1,2225.6,3311.2,3258.9,2887.4,3301.5,2465.8,3435.2,2252.2,3545.5,2807.2,2241.5,2759.6,3257.1,2350.3,2481.7,2885.1,2605.1,3499,2902.8,2735.1,2351.7,2951.5,2925.3,2642,2750.1,3287.5,4000,2284.5,2139.1,2017.8,2555.5,2754.8,2936.1,3012.7,2602.7,2823.9,2824.9,2820.6,3322.9,3900.8,2770.4,2977,2765.4,3056.7,3593.6,3344.2,2543,3232.1,2415,3126.7,2861.9,2837.9
4000,3752.9,3333,3467.1,3594.6,3276.2,4000,3452.4,3564.4,3421.5,0,3290.3,4000,4000,4000,4000,4000,3211.1,3463.5,4000,3461.8,3190.1,4000,4000,3812.3,4000,3452.9,3422.5,3365.8,3592.9,3333.6,3412.2,4000,3401.5,4000,0,4000,0,0,4000,4000,4000,4000,4000,3456.5,0,4000,4000,3502.7,3567.9,3619.3,4000,3535.8,3272,3366.5,4000,3256.2,3598.3,3275.2,3283.2,3266.5,3374.6,3784.2,4000,3529.3,3514.8,4000,3534.1,3141.6,3417.3,3438.2,3507.8,3363.9,3487.2,3276.6,3517.4,4000,3557.1,3541.2,3267.1,0,4000,4000,4000,3496.1,3059.6,4000,3498.3,3402.8,4000,3316.3,3254.3,4000,3041.5,3203,4000,4000,3328.7,3659.1,3304.2,4000,3158.2,3330.1,3296.2,3347.2,3496.7,0,3613.3,3684,4000,3498.5,4000,4000,3497.6,3602.2,3314,3332.9,3362.4,3842.9,3555.9,4000,4000,3754,0,3282.3,3501.7,3620.9,4000,4000,3455.5,4000,3532.1,4000,4000,3425.7,4000,4000,3267.5,3280.1,3284.4,3563.3,4000,3454.5,3382.6,4000,4000,3046.1,0,3175.6,3369.2,0,4000,4000,4000,2827.5,2850.3,4000,3545.8,4000,3713.5,2701.6,2573.6,3113.3,4000,4000,4000,4000,4000,4000,4000,4000,4000,4000,4000,4000,2987.6,2675.6,2566.8,2876.8,2757.7,2915.8,4000,3417.3,2884.4,2496.2,4000,3237.5,3013.2,2659.7,4000,2582.2,4000,4000,4000,4000,3177.1,2674.9,2717.2,3453.9,3048.6,2631.4,2797.9,4000,4000,2888.6,2749.8,4000,4000,2808.8,4000,2781.3,2934,2951.6,2766.4,3552.1,4000,3265.3,2690.2,4000,2837.9,2883.4,2770.2,2876.6,2580.4,4000,2905,2757.7,2697.4,2691.5,2938.1,2748.7,4000,2737.1,2808.5,3158.5,3080.2,4000,4000,2929.5,3239.7,4000,4000,2931.8,2757.3,2736.1,3049,3425.8,2828.9,2902.8,2952.1,0,2984.1,2684.3,4000,2730.2,4000,2756.3,2828.6,2806,4000,2977.5,2766.8,3026.2,3345.7,3368.8,2816.9,2768.7,3097,3211.4,3066.6,2859.6,2894.4,2930.3,4000,2824,2823,3020.6,2855.8,3160.1,2938.4,3179.9,2967.7,4000,3013,2817.4,3113.8,3111.5,3345.9,2682.9,2841.6,2834,2864.2,3418.2,4000,2876.4,3668.1,2793.3,3252.7,4000,2826.5,2812.8,4000,2828.3,2881.9,2880,2817.3,4000,2843.5,2839,2960,2941.6,3020.3,2837.8,2813.7,2909.9,2896.4,2822.5,2809.4,4000,2877.2,4000,4000,2782.9,2968.8,3024.2,0,4000,3264.1,4000,4000,4000,4000,2792.9,3144.7,4000,2964.1,2803.5,2608.9,4000,3334.2,4000,3159.1,4000,2957.1,2978,2978.7,4000,2816.8,4000,2933.9,2911.8,4000,2888.1,2762.3,2981.1,2954,4000,3309.8,2946.9,2999.5,4000,3090.2,3188,4000,2957.1,2899.5,3189.7,2999.6,3188.4,4000,2955.2,4000,3193.7,3013.5,0,3077.7,4000,4000,3175.1,2886.1,3171.3,4000,3578.2,4000,3235.2,4000,0,4000,3075.7,2936.6,2886.9,3068.1,3071.2,4000,2949.2,4000,4000,2852.9,3048.4,2768.8,3147.5,3244,3374.2,2906.1,4000,3028.3,4000,4000,3163.3,3413.9,3179.4,3015.8,4000,4000,4000,2878.1,4000,4000,4000,4000,4000,3501.3,4000,4000,3611.5,4000,2948.5,2922,4000,3317,3039.8,4000,4000,0,3146.6,4000,4000,2968.9,0,3433.9,4000,3556.9,0,3551,3665.6,3687,3537.1,3226.5,3261.4,3792.7,3180.4,4000,3668.9,3167.3,4000,3364.3,3717.3,3285.4,3642.6,3295.3,4000,3428.2,3325.4,3161,4000,4000,3433.4,3514.9,3710.6,3815.2,3400.3,3331.5,3807.5,3649.4,3594.1,3228.6,3723.2,3447.9,4000,3497,3453.5,3411.6,3128.2,3180.3,3314.6,3348.1,4000,3477.6,3393.5,3264.2,3623.5,3517.5,3630,4000,3352.3,3314.9,3110.1,3199,3481.8,4000,3631.4,4000,3196.5,3487.2,3447.6,0,3336.1,3350.2,3126.4,4000,3673.1,3355.9,3486.2,3399.2,3314.1,4000,4000,4000,4000,4000,3102.4,3372.3,4000,4000,3468.8,4000,3047.1,3131.5,3164.5,4000,4000,4000,4000,3115.4,4000,3504.3,0,3095.2,3671.8,3388.6,0,4000,3109.1,2961.3,4000,4000,4000,3424.8,4000,3654.2,4000,4000,0,3495.5,4000,3086.7,3310,4000,4000,3584.9,4000,3527.9,4000,4000,4000,3767.6,3620.1,3296.2,4000,3325.6,4000,4000,3315.5,2920.8,4000,4000,3332.9,3162.4,0,4000,3331,4000,4000,4000,3614.1,3493.9,4000,3504.7,3108.9,4000,3153.7,4000,3479.2,4000,4000,3449.8,4000,3444.2,3726,3538.5,3479.5,3072.1,3167.6,4000,3195.8,3400.5,4000,3317.6,0,3466.2,3203.5,4000,3416.3,4000,4000,3624.5,3253.3,3594.2,4000,4000,3101.6,4000,4000,3474.3,3376.8,4000,3794.3,4000,3331,3567.6,3553.5,3701,3499.3,3265.1,3699.1,3311.8,4000,0,2995.6,3090.7,3238,3340.4,3826.9,4000,4000,3004.4,4000,3556.7,4000,4000,4000,0,4000,3258.9,3263.5,3424,4000,4000,3412.4,3313.8,3605.6,4000,3437.9,3553.3,2938.8,3533.5,3196.1,3467.6,3552.5,3323.7,3416,3413.1,3458,3444.4,4000,3544,4000,3673.5,3546.5,4000,3459.6,4000,4000,0,4000,2908.3,3563.3,3303.4,4000,4000,4000,3295.3,3409.1,0,4000,3537.6,4000,3695.5,4000,4000,4000,4000,4000,3477.1,3714.7,3603,3337.1,3687.9,3664.5,3717.6,3864.7,4000,3392.2,4000,4000,3447.3,3513.3,4000,3139.4,3262.6,3598.5,4000,3117.8,3946.7,3609.8,4000,4000,3417.6,3370.3,4000,4000,4000,4000,4000,4000,4000,0,3607,3365.1,3187,4000,4000,3318.9,3499.5,4000,3735.6,3711.2,4000,3717.2,4000,4000,3186,4000,3185.4,0,3858.7,4000,4000,3152.2,3616,4000,3233,3595.3,4000,3674.9,4000,4000,4000,3574.5,3425,4000,3325.2,3165.2,0,0,4000,3724.7,3126.7,3355.1,3346.7,4000,3122.9,3624.6,3664.4,3853.5,3563.9,4000,0,3278.6,4000,3611.5,4000,4000,0,3132.6,4000,3279.6,4000,4000,4000
0,0,0,0,0,0,4000,0,0,0,0,0,0,0,0,0,0,0,0,0,0,0,0,0,0,0,0,0,0,0,0,0,0,0,0,0,0,0,0,4000,0,0,0,0,0,0,0,0,0,0,0,0,0,0,0,4000,0,0,0,0,0,0,0,4000,0,0,0,0,0,0,0,0,0,0,0,0,0,0,0,0,0,0,0,4000,0,0,0,0,0,0,0,0,4000,0,0,4000,0,0,0,0,0,0,0,0,0,0,0,0,0,4000,0,4000,4000,0,0,0,0,0,0,0,4000,4000,0,0,0,0,0,4000,4000,0,0,0,0,0,0,4000,4000,0,0,0,0,4000,0,0,0,4000,0,0,0,0,0,0,0,0,0,0,4000,0,4000,0,0,0,0,0,4000,4000,4000,0,0,0,0,0,0,0,0,0,0,0,0,0,0,0,0,0,0,0,0,0,0,0,0,0,4000,0,4000,0,0,0,0,0,0,0,0,4000,0,0,0,0,0,0,0,0,0,0,0,4000,0,0,0,0,0,0,0,0,0,0,0,0,0,0,0,4000,0,0,0,0,0,0,0,0,0,0,0,0,0,0,0,0,0,0,0,0,0,0,0,0,0,0,0,0,0,0,0,0,0,0,0,0,0,0,0,0,0,0,0,0,0,0,0,0,0,0,0,0,0,0,0,0,0,0,0,0,0,0,0,0,0,0,0,0,0,0,0,0,0,0,0,0,0,0,0,0,0,0,0,0,0,0,0,0,0,0,0,0,0,0,0,0,0,0,0,0,0,0,0,0,0,0,4000,0,0,0,0,0,0,0,0,0,0,0,0,0,0,0,0,0,0,0,0,0,0,0,0,0,0,0,0,0,0,0,0,0,0,0,0,0,0,0,0,0,0,0,0,0,0,0,0,0,0,0,0,0,0,0,0,0,0,0,0,0,0,0,0,0,0,0,4000,0,0,0,0,0,0,0,0,0,0,0,0,0,4000,0,0,0,0,0,0,0,0,0,0,0,0,0,0,0,0,0,0,0,0,0,0,0,0,0,0,0,0,0,0,0,0,0,0,0,0,0,0,0,0,0,0,0,4000,4000,0,0,0,0,0,0,0,0,0,0,0,0,0,0,0,0,0,0,0,0,0,0,0,0,0,0,0,0,0,0,0,0,0,4000,0,4000,0,0,0,0,0,0,0,0,0,0,0,0,0,0,0,4000,0,0,0,0,0,0,0,4000,0,0,0,4000,0,0,0,0,4000,0,0,0,0,0,0,0,0,0,0,0,0,0,4000,0,0,0,0,0,0,0,0,0,0,0,0,0,4000,0,0,0,0,0,4000,0,0,0,0,0,4000,4000,0,0,0,0,0,0,0,0,0,0,4000,0,0,0,0,0,0,0,0,0,0,0,0,0,0,0,0,0,0,0,0,0,0,0,0,0,0,0,4000,0,0,0,0,0,0,4000,0,0,0,0,0,0,0,0,0,0,0,0,0,0,0,0,0,0,0,0,0,4000,4000,0,0,0,0,0,0,0,0,0,0,0,4000,0,0,0,0,0,0,0,0,0,0,0,0,0,0,0,0,0,4000,0,0,0,0,0,0,0,0,0,0,0,0,0,4000,0,0,0,0,0,0,0,0,0,0,0,4000,0,4000,0,0,0,0,0,0,0,0,0,0,0,0,0,0,4000,0,0,0,0,0,0,0,0,0,0,0,0,0,0,0,0,0,0,0,0,0,0,0,0,0,0,4000,0,0,0,0,0,0,0,4000,0,0,0,0,4000,0,0,0,0,0,0,0,0,0,4000,0,0,0,0,0,0,0,4000,0,0,0,0,0,0,0,0,0,0,0,0,0,0,0,4000,0,0,0,0,0,0,0,4000
0.00079312,0.0034073,0.0019889,0.0014509,0.0024647,0.0014837,0.0011964,0.0011928,0.00060186,0.003472,0.0013574,0.0032042,0.0032414,0.0030635,0.0038891,0.0017058,0.0018556,0.0013541,0.0039894,0.0014443,0.006124,0.0059483,0.0018113,0.0011367,0.0037506,0.0035397,0.0030072,0.0046925,0.0011835,0.0050479,0.003467,0.003419,0.0052548,0.0018566,0.0012187,0.0030229,0.0049263,0.01514,0.0050596,0.0046937,0.010837,0.0040024,0.014749,0.015875,0.0031527,0.0061574,0.0053902,0.012493,0.00675,0.0027337,0.011554,0.010237,0.0047916,0.0073978,0.008339,0.0094283,0.0084497,0.016033,0.011241,0.0082072,0.027885,0.0045204,0.020038,0.017996,0.0079442,0.0034888,0.0046518,0.012736,0.010463,0.025052,0.014574,0.015331,0.018684,0.019478,0.0035283,0.0077454,0.0031731,0.012237,0.0044916,0.0077235,0.011831,0.015236,0.013109,0.0099553,0.018434,0.02249,0.01441,0.0083677,0.029904,0.023009,0.01581,0.012703,0.014763,0.018093,0.012551,0.01601,0.0068158,0.009129,0.027798,0.010749,0.028971,0.011804,0.0529,0.010144,0.043776,0.019456,0.029205,0.028434,0.049325,0.034257,0.034117,0.022801,0.041255,0.013503,0.052461,0.015345,0.018656,0.049878,0.023318,0.025865,0.0077054,0.033891,0.018301,0.048071,0.014466,0.012798,0.026683,0.045621,0.021882,0.027213,0.015986,0.029608,0.026345,0.031366,0.039166,0.010596,0.026322,0.03033,0.034234,0.031128,0.017454,0.021163,0.020761,0.018537,0.01497,0.019665,0.011195,0.020552,0.008148,0.031951,0.018308,0.0076449,0.012624,0.11846,0.078607,0.052631,0.079465,0.19687,0.1606,0.086681,0.072428,0.11378,0.076392,0.027252,0.093029,0.13246,0.071817,0.080166,0.17635,0.23101,0.086416,0.072918,0.19748,0.18658,0.019642,0.055663,0.26556,0.10693,0.042543,0.042568,0.24068,0.05928,0.067431,0.094957,0.24983,0.027659,0.069788,0.10461,0.2643,0.036007,0.064078,0.1534,0.29135,0.038269,0.064598,0.067857,0.24324,0.045974,0.058805,0.024063,0.18124,0.042189,0.079271,0.028461,0.28872,0.076758,0.04693,0.024563,0.2242,0.12162,0.067889,0.029842,0.21724,0.22868,0.065973,0.04566,0.092624,0.2414,0.076645,0.046297,0.046548,0.29689,0.071903,0.065454,0.018314,0.30731,0.10631,0.092498,0.01228,0.19097,0.18974,0.049282,0.031797,0.094461,0.286,0.051376,0.10159,0.042031,0.25719,0.080957,0.087502,0.028531,0.17598,0.22512,0.05781,0.030478,0.098434,0.29129,0.079686,0.11719,0.040353,0.2179,0.18122,0.023957,0.064241,0.079024,0.27211,0.063957,0.080685,0.041769,0.19284,0.16883,0.032674,0.089065,0.023553,0.26212,0.063044,0.084994,0.043622,0.20584,0.20056,0.052381,0.064654,0.043658,0.24749,0.12779,0.078888,0.041688,0.1128,0.18646,0.066329,0.065429,0.0066915,0.24588,0.14115,0.094603,0.056545,0.037639,0.30057,0.11001,0.11689,0.010715,0.25404,0.45941,0.13121,0.063694,0.02259,0.27397,0.27914,0.083545,0.13033,0.021506,0.37167,0.12382,0.08408,0.060899,0.12161,0.40134,0.096487,0.049072,0.029875,0.17697,0.30812,0.093844,0.080441,0.01757,0.10153,0.16682,0.061853,0.025813,0.10832,0.29745,0.015116,0.080984,0.017492,0.041705,0.04003,0.050833,0.043992,0.072138,0.22582,0.13061,0.070355,0.035858,0.034221,0.088421,0.090442,0.037872,0.026704,0.046153,0.13211,0.065956,0.037455,0.024146,0.040671,0.047541,0.04787,0.016407,0.091396,0.099957,0.083016,0.025721,0.014795,0.059407,0.066474,0.043659,0.034219,0.068759,0.18504,0.099088,0.065867,0.006978,0.020016,0.023821,0.016718,0.033919,0.071799,0.086516,0.0093106,0.070261,0.054464,0.01206,0.037945,0.022101,0.020359,0.074398,0.088887,0.094885,0.04725,0.034322,0.03238,0.015539,0.017927,0.028818,0.0093096,0.08909,0.068197,0.051504,0.027538,0.0059076,0.0092466,0.018408,0.02406,0.032123,0.061592,0.077795,0.056554,0.034663,0.040468,0.039916,0.0099592,0.013677,0.032576,0.064749,0.084467,0.060632,0.037214,0.017351,0.011414,0.0083742,0.017568,0.014583,0.037848,0.067055,0.034452,0.019275,0.0067962,0.0072661,0.0079823,0.0042397,0.013754,0.018082,0.020504,0.014718,0.0052566,0.0047062,0.016113,0.017068,0.005796,0.0027911,0.010106,0.0093718,0.0065145,0.004094,0.0090836,0.0094497,0.005284,0.0049694,0.0042928,0.0070316,0.0058116,0.0039792,0.0067703,0.0011506,0.0013484,0.0051685,0.003152,0.0062192,0.0024464,0.0014321,0.0037052,0.0025921,0.0013684,0.0043447,0.0011875,0.0024975,0.0080641,0.00083804,0.0059758,0.0017826,0.0023077,0.0032336,0.0015474,0.0052044,0.0078382,0.0081814,0.0080849,0.0054553,0.0077347,0.005584,0.0070468,0.0027988,0.0040644,0.005117,0.0047255,0.0048723,0.0084947,0.0115,0.0073364,0.0078678,0.011608,0.014644,0.0029193,0.0062865,0.016913,0.012971,0.015896,0.018335,0.0063744,0.0069862,0.012125,0.0043194,0.014783,0.0071057,0.01898,0.010641,0.0060248,0.0066615,0.013175,0.0070257,0.0053665,0.0069369,0.023018,0.015608,0.0066607,0.011881,0.0066841,0.004777,0.0023246,0.0090081,0.016135,0.016913,0.0018866,0.0064162,0.0042835,0.0029709,0.0034768,0.002716,0.0019814,0.001984,0.002962,0.0052652,0.003787,0.0084522,0.0055692,0.0011203,0.0055728,0.0033046,0.0053015,0.008034,0.0050425,0.012779,0.0047396,0.0070152,0.006808,0.001465,0.004363,0.0033266,0.0040313,0.0018374,0.0029509,0.0034884,0.0032381,0.006476,0.0041466,0.0034532,0.00050662,0.0032857,0.0011702,0.0044706,0.0034597,0.0039673,0.0020789,0.003414,0.004303,0.0037488,0.0054477,0.0032333,0.0073131,0.0072597,0.0054202,0.0055616,0.0042172,0.005145,0.004,0.0029564,0.0046977,0.0018609,0.0046923,0.0080835,0.0051693,0.0030739,0.0041698,0.0025346,0.0033623,0.00064647,0.0028035,0.0016085,0.0014283,0.0021711,0.0031365,0.0021504,0.0023477,0.0013425,0.0005943,0.0014931,0.0024173,0.0014963,0.0010263,0.0016954,0.002461,0.0010092,0.001155,0.0019542,0.0026684,0.0052229,0.0028471,0.00080462,0.002311,0.0024298,0.0024808,0.00082158,0.0013265,0.0010817,0.001767,0.0012141,0.002333,0.0012377,0.002833,0.0032523,0.0026986,0.001612,0.00084356,0.0026684,0.0013653,0.001655,0.001493,0.0027382,0.0015522,0.0012918,0.0013333,0.0028554,0.0017437,0.0016065,0.0017525,0.0013731,0.0015996,0.0039608,0.0018741,0.0014618,0.0018009,0.0018944,0.0036665,0.0012946,0.0015965,0.0020995,0.0015132,0.001339,0.0021027,0.0014302,0.0013248,0.0020134,0.0031958,0.0042245,0.00067947,0.0013682,0.0010143,0.0025541,0.0011415,0.0020904,0.0027012,0.0035301,0.0016749,0.0010649,0.002342,0.00070468,0.0017847,0.001385,0.00063843,0.0015718,0.0014126,0.0026567,0.0013655,0.0020201,0.0011028,0.0020855,0.0045051,0.0042602,0.00072934,0.0017101,0.00077969,0.0015567,0.00094023,0.0019033,0.0032873,0.0016434,0.002128,0.0011661,0.0024388,0.0017632,0.0015659,0.0044215,0.0014764,0.0021425,0.0017485,0.0024474,0.0018657,0.0022987,0.0012703,0.00092155,0.0013369,0.002756,0.00097384,0.0016452,0.0020258,0.0016579,0.0022088,0.003491,0.0011901,0.00051424,0.00085004,0.0029888,0.0014193,0.00080016,0.0032592,0.0013818,0.0011938,0.0017616,0.0027284,0.0023124,0.0021108,0.002507,0.0017518,0.001468,0.0018952,0.0021135,0.0010462,0.00078045,0.0025551,0.0027287,0.0015675,0.00054015,0.0021361,0.0026739,0.0018031,0.0026514,0.00094509,0.0019102,0.001409,0.0032214,0.0055441,0.00091494,0.0015771,0.0024553,0.0026862,0.0010962,0.0015983,0.0011447,0.0015652,0.00061822,0.0022958,0.00099573,0.0017212,0.0016566,0.0033149,0.0026984,0.0024153,0.0042403,0.0019664,0.0020673,0.00049705,0.00096492,0.0020678,0.0023682,0.0014108,0.00041642,0.0037631,0.0025748,0.0033519,0.001739,0.0036411,0.0010921,0.0014139,0.0016362,0.00094123,0.00095428,0.0011039,0.0024873,0.00078882,0.0015974,0.0023449,0.0040105,0.0019289,0.0036451,0.0023407,0.00071933,0.00074047,0.00088064,0.00062886,0.0016315,0.002234,0.0022391,0.0022225,0.0018862,0.0024346,0.0017672,0.0028433,0.0025968,0.0016462,0.0040966,0.0037049,0.0016349,0.0028382,0.0012861,0.00085249,0.0030639,0.0014203,0.0021156,0.0015512,0.00091502
0.0034428,0.00096429,0.00074873,0.0026951,0.00050355,0.0016152,0.0037906,0.00096896,0.0022004,0.002022,0.0023029,0.0018794,0.0011426,0.0028313,0.0045483,0.0012609,0.0034681,0.002977,0.0030906,0.0028522,0.0011834,0.0067234,0.0046022,0.0014845,0.0037529,0.0074216,0.0046737,0.0016579,0.0024381,0.0044567,0.0034629,0.0034523,0.0016197,0.0026535,0.0046107,0.0085062,0.0048163,0.011236,0.0057977,0.015265,0.014914,0.0059512,0.0055674,0.015782,0.008258,0.0051109,0.0077568,0.0035679,0.0074052,0.0053668,0.013369,0.0051713,0.021775,0.013122,0.01096,0.011231,0.0082611,0.013415,0.0062733,0.02677,0.018741,0.0019764,0.011841,0.019612,0.02736,0.0053696,0.023061,0.032846,0.027405,0.031154,0.015446,0.01239,0.03823,0.01333,0.02151,0.033602,0.0084198,0.013433,0.018118,0.019882,0.0099985,0.015303,0.010892,0.014266,0.010996,0.012704,0.0081805,0.015769,0.023477,0.0099567,0.012386,0.0090572,0.034654,0.018445,0.012959,0.0056396,0.011805,0.022888,0.026936,0.028149,0.045858,0.042322,0.041007,0.028141,0.052465,0.025981,0.037338,0.021058,0.031318,0.048268,0.014581,0.013047,0.039227,0.02328,0.044793,0.023571,0.027847,0.033393,0.026238,0.010689,0.040133,0.058677,0.026589,0.038938,0.04504,0.024203,0.069843,0.0096703,0.0066678,0.027262,0.029328,0.046468,0.034493,0.014896,0.021161,0.022642,0.037341,0.050834,0.03769,0.012771,0.029951,0.031552,0.041268,0.016286,0.020513,0.022796,0.015969,0.01357,0.018137,0.017367,0.019328,0.010611,0.055033,0.10188,0.041851,0.049696,0.10585,0.16069,0.16162,0.065312,0.032416,0.077831,0.057476,0.033403,0.082471,0.094093,0.070349,0.020801,0.1656,0.10125,0.019023,0.14237,0.18068,0.086162,0.053745,0.094873,0.18564,0.039398,0.02843,0.1166,0.17051,0.04219,0.055461,0.12518,0.16758,0.046529,0.057302,0.085931,0.21398,0.032452,0.063238,0.10317,0.21983,0.084335,0.038954,0.069794,0.20221,0.090149,0.036534,0.039868,0.12851,0.088993,0.033502,0.037057,0.17033,0.11889,0.016209,0.046602,0.12838,0.17294,0.014788,0.01103,0.11118,0.20927,0.018297,0.034321,0.10617,0.21702,0.067937,0.04355,0.085719,0.21966,0.091415,0.046449,0.065389,0.18171,0.11048,0.064879,0.062307,0.073473,0.1382,0.075083,0.079122,0.14393,0.1984,0.049311,0.043281,0.046474,0.16625,0.058172,0.098153,0.034719,0.087159,0.1851,0.060116,0.010471,0.060071,0.21023,0.091854,0.063255,0.015503,0.16985,0.085753,0.038416,0.037778,0.044407,0.16258,0.10835,0.055368,0.048501,0.13978,0.043431,0.068336,0.052536,0.081058,0.17286,0.099092,0.084905,0.036651,0.092427,0.039974,0.074844,0.030487,0.061302,0.16622,0.096472,0.039139,0.064205,0.10112,0.049489,0.019979,0.031126,0.049132,0.16544,0.082895,0.03186,0.045474,0.11741,0.13805,0.10067,0.038851,0.077341,0.083501,0.31549,0.067968,0.035339,0.067491,0.1826,0.17613,0.025031,0.03423,0.033133,0.20737,0.09547,0.025082,0.019895,0.077418,0.17728,0.044767,0.029947,0.048797,0.1803,0.063981,0.040357,0.046542,0.028482,0.073237,0.069082,0.070839,0.057661,0.10738,0.11354,0.16033,0.024527,0.018839,0.044923,0.038774,0.019408,0.01365,0.11613,0.10282,0.050041,0.018823,0.032631,0.021597,0.022418,0.015027,0.0098284,0.038658,0.022958,0.10145,0.0083716,0.037014,0.036527,0.037203,0.051558,0.051692,0.034775,0.12358,0.021606,0.015226,0.037072,0.014336,0.040681,0.019005,0.0078535,0.042035,0.037904,0.030525,0.01379,0.025895,0.018807,0.025934,0.045619,0.0074058,0.0049246,0.035357,0.018551,0.070372,0.019641,0.0077079,0.038402,0.020657,0.017445,0.020223,0.054768,0.12188,0.046703,0.0078965,0.010228,0.01237,0.056515,0.0059666,0.026364,0.024717,0.097858,0.044053,0.029702,0.0081642,0.011234,0.0098697,0.027603,0.036222,0.059072,0.012989,0.04725,0.031506,0.032648,0.033529,0.025439,0.032118,0.03837,0.011746,0.04297,0.089964,0.016499,0.036903,0.030839,0.010188,0.011988,0.018015,0.013468,0.021728,0.046123,0.024853,0.0049201,0.011015,0.010135,0.0032292,0.010411,0.0062573,0.0037193,0.016475,0.0099983,0.012294,0.0053522,0.006404,0.014507,0.014131,0.0045118,0.0095309,0.0078576,0.0031393,0.0064469,0.0050918,0.0087856,0.0039981,0.0088079,0.009272,0.0072482,0.0043823,0.0015885,0.0025321,0.0046664,0.0018129,0.0038654,0.00090285,0.0030953,0.0030229,0.0038152,0.0049582,0.0033366,0.0082133,0.0055194,0.0039214,0.0065926,0.002781,0.0039408,0.0062015,0.0024282,0.0087489,0.0075552,0.0049864,0.0041152,0.0032414,0.0076714,0.015867,0.0069888,0.0017895,0.00728,0.0070181,0.0051604,0.0031664,0.0010491,0.0062507,0.01393,0.012072,0.010696,0.0023806,0.0029045,0.0054124,0.0039703,0.0070078,0.017829,0.016396,0.014656,0.016266,0.012572,0.017576,0.010994,0.0089484,0.016215,0.013869,0.012732,0.013334,0.0047643,0.0079889,0.020055,0.019179,0.012998,0.020592,0.015773,0.0026383,0.010534,0.012486,0.0077965,0.017482,0.0075024,0.013079,0.011708,0.0069064,0.0062024,0.0082899,0.017931,0.015142,0.0053386,0.0011734,0.004208,0.0053677,0.0052512,0.0050228,0.0079565,0.0073909,0.0059206,0.0018013,0.0014396,0.0056078,0.0074539,0.0018386,0.0055348,0.010704,0.009791,0.010587,0.011411,0.0040834,0.0049152,0.0034865,0.004872,0.0026825,0.0021886,0.0028096,0.0042587,0.0049912,0.0045055,0.0035578,0.0028565,0.0022848,0.0025183,0.0053066,0.0017098,0.0094542,0.0044019,0.0013809,0.001317,0.0050462,0.00088791,0.0043655,0.00079449,0.0042497,0.0013485,0.0031617,0.0013859,0.0021356,0.0033072,0.0019975,0.0010374,0.0037127,0.003086,0.00401,0.0024893,0.0020889,0.0019909,0.002107,0.002073,0.0009606,0.0026122,0.0021289,0.0028351,0.0007309,0.0011882,0.0027231,0.0011048,0.0016106,0.002224,0.0028873,0.0020726,0.0031452,0.00095683,0.0023746,0.0053968,0.0043602,0.0011904,0.002831,0.0011081,0.0032945,0.0038257,0.0021042,0.0016001,0.0029036,0.0030353,0.0025593,0.0023047,0.00034353,0.0013976,0.001401,0.0023841,0.0027011,0.00098712,0.0024241,0.00080916,0.0011938,0.0019526,0.0010318,0.0015753,0.0019697,0.0019264,0.0013518,0.0033746,0.0011153,0.0024693,0.0024967,0.0034774,0.0014562,0.001411,0.00055234,0.0025157,0.0012293,0.0026634,0.0019627,0.0018336,0.0015952,0.0017597,0.0013363,0.0016965,0.0019487,0.0010417,0.0017928,0.0017251,0.0011852,0.0024434,0.0013932,0.0025931,0.0021098,0.0028235,0.0011792,0.0026817,0.00078717,0.0013573,0.0024267,0.0020874,0.0025739,0.0033564,0.0006742,0.0014789,0.0016667,0.0020145,0.0013314,0.00077772,0.0021611,0.001368,0.00067359,0.003734,0.001026,0.0020024,0.00031338,0.0020258,0.002135,0.0014727,0.0034252,0.00074722,0.0010728,0.0022641,0.00033181,0.0036261,0.0017566,0.0018977,0.0016129,0.00044123,0.0019307,0.0019197,0.0022407,0.002546,0.0022526,0.0027132,0.001181,0.00053443,0.0013811,0.0014872,0.0037588,0.0014569,0.0013686,0.00093654,0.001521,0.00052001,0.00087282,0.004354,0.00072607,0.00091897,0.0017858,0.0011748,0.0016491,0.0027825,0.001509,0.0010815,0.0012594,0.0015793,0.0018181,0.00067469,0.0033516,0.0023017,0.0021826,0.0018542,0.0030096,0.0018679,0.0022266,0.00093227,0.0018739,0.0020873,0.0017736,0.0018252,0.0015578,0.0011886,0.0018959,0.00082602,0.001658,0.0017574,0.0021101,0.0020347,0.0014098,0.0025864,0.0033752,0.0015552,0.0020974,0.0021189,0.0023381,0.0018663,0.0025121,0.00046982,0.0012389,0.0022602,0.0023201,0.0019929,0.00090548,0.0029878,0.003612,0.0035458,0.00061645,0.0030151,0.0012327,0.0018864,0.0015127,0.0011861,0.0038734,0.0018668,0.0012026,0.0019307,0.0031075,0.00077651,0.001875,0.0022891,0.0025797,0.0011213,0.0019735,0.0020786,0.00097799,0.0028871,0.001162,0.0021524,0.0014533,0.0022943,0.0022057,0.0014465,0.0028282,0.0031031,0.0022229,0.0014298,0.0011037,0.00056247,0.0031447,0.0015338,0.0021266,0.0011865,0.0012928,0.001612,0.0013212,0.001419,0.0029102,0.0010021,0.002242,0.0012275,0.0028367,0.0015051,0.0014836,0.0014829,0.0016149,0.00093509,0.0020567,0.0014286,0.00070416,0.0016582
0.0017153,0.003803,0.0023442,0.0015321,0.0030103,0.0014251,0.001645,0.00065794,0.0023592,0.0016638,0.0046795,0.00080679,0.0017199,0.0012214,0.00215,0.0024574,0.0022914,0.001201,0.0036497,0.0012747,0.0058557,0.0033386,0.0019304,0.0013799,0.0012953,0.0032114,0.0011239,0.0030751,0.0035909,0.0032488,0.0020877,0.0012658,0.0013199,0.0036402,0.0036839,0.0034257,0.0063836,0.0030315,0.0097965,0.012503,0.0079304,0.013062,0.015718,0.023462,0.0098593,0.0037263,0.0036581,0.016768,0.013131,0.0064518,0.0079545,0.01757,0.0081153,0.0048335,0.0074709,0.010604,0.012197,0.0039783,0.018888,0.005958,0.019045,0.0048819,0.017721,0.0054201,0.023185,0.012993,0.016122,0.023312,0.016991,0.032399,0.021698,0.0039303,0.0070419,0.016614,0.020066,0.012225,0.0054714,0.013843,0.0066003,0.0071777,0.013955,0.013323,0.011503,0.0066729,0.011035,0.017343,0.015642,0.0074185,0.0059765,0.015876,0.026761,0.018274,0.014174,0.007253,0.016984,0.01363,0.016357,0.019618,0.029761,0.016244,0.021762,0.010305,0.022534,0.029375,0.035444,0.017705,0.018437,0.042348,0.019041,0.026179,0.031432,0.0078398,0.042102,0.011541,0.051996,0.021705,0.0055026,0.026894,0.05492,0.032866,0.014271,0.032642,0.022315,0.014989,0.036082,0.029864,0.029328,0.027662,0.019729,0.007789,0.015753,0.059469,0.017489,0.028304,0.036226,0.055598,0.04592,0.018152,0.019824,0.012523,0.023988,0.023061,0.021197,0.014039,0.019464,0.010807,0.014032,0.0082609,0.011713,0.020548,0.012464,0.043082,0.061397,0.1747,0.057812,0.058567,0.049255,0.045877,0.05054,0.13454,0.061353,0.024397,0.025907,0.041282,0.019879,0.028821,0.035876,0.1118,0.24287,0.14366,0.070603,0.080121,0.20971,0.093743,0.064464,0.098575,0.16457,0.0425,0.065011,0.032688,0.22255,0.071591,0.053658,0.11728,0.11491,0.049946,0.033871,0.095633,0.15583,0.086401,0.012127,0.04061,0.2623,0.072638,0.024377,0.082355,0.1414,0.066701,0.022186,0.036472,0.10926,0.049189,0.015548,0.039609,0.15505,0.030852,0.0737,0.018144,0.12167,0.19593,0.044241,0.029318,0.12662,0.086031,0.086876,0.015535,0.119,0.11749,0.094231,0.052699,0.03453,0.17592,0.10948,0.033195,0.063729,0.21935,0.054739,0.036076,0.061266,0.078452,0.05727,0.044223,0.01366,0.02131,0.21877,0.079663,0.042247,0.015793,0.14899,0.15807,0.088122,0.085273,0.17628,0.19294,0.034663,0.022806,0.13335,0.14035,0.10485,0.058398,0.062628,0.12478,0.060542,0.08105,0.019023,0.067288,0.08831,0.074979,0.016302,0.086472,0.11502,0.046637,0.072647,0.036422,0.11014,0.1562,0.056931,0.045834,0.070754,0.1547,0.0727,0.065053,0.029962,0.1397,0.15902,0.059605,0.068365,0.013987,0.13896,0.11035,0.04028,0.049021,0.024079,0.14375,0.058592,0.05106,0.0205,0.089021,0.097547,0.088383,0.050234,0.047624,0.13285,0.22721,0.014714,0.096396,0.052207,0.19017,0.1949,0.042639,0.020472,0.12033,0.163,0.11317,0.046874,0.061449,0.1125,0.22058,0.11392,0.063235,0.051924,0.15794,0.18499,0.0665,0.036805,0.032772,0.11753,0.016186,0.045285,0.029737,0.12836,0.15175,0.059986,0.04399,0.046796,0.065071,0.060839,0.044077,0.037335,0.091502,0.11834,0.05244,0.041587,0.027765,0.054585,0.09417,0.028083,0.022724,0.081158,0.11923,0.075655,0.034664,0.040251,0.03544,0.046581,0.018981,0.032793,0.084931,0.077833,0.15263,0.075594,0.041487,0.017578,0.039737,0.030523,0.029304,0.019008,0.21111,0.0802,0.075489,0.031566,0.047031,0.025777,0.02131,0.027731,0.049033,0.089682,0.040812,0.029954,0.043139,0.046906,0.029082,0.02711,0.011645,0.027864,0.047062,0.057904,0.03459,0.021283,0.023968,0.031053,0.055377,0.020235,0.0053362,0.015066,0.084263,0.094146,0.043138,0.036973,0.018088,0.0036529,0.013405,0.033465,0.024145,0.044535,0.058213,0.046196,0.021921,0.032178,0.027522,0.014336,0.0079244,0.044206,0.020147,0.02743,0.042319,0.02202,0.022097,0.024094,0.026669,0.011076,0.0096319,0.023746,0.035417,0.025359,0.01261,0.015193,0.016515,0.022052,0.018748,0.0097968,0.010716,0.012325,0.0074859,0.0066561,0.017101,0.010952,0.010225,0.018228,0.014688,0.015613,0.006187,0.01157,0.0030017,0.012781,0.0092461,0.010103,0.0031895,0.0040835,0.006305,0.006765,0.0039517,0.0017824,0.0011898,0.0048979,0.0037025,0.0029397,0.0013884,0.0016184,0.0019337,0.0089254,0.0038782,0.0025897,0.0035798,0.0030266,0.0035019,0.005021,0.0017894,0.0032753,0.0058007,0.0085277,0.0016186,0.0085748,0.01131,0.0029766,0.0057682,0.0099193,0.0081725,0.0040112,0.0053535,0.0093677,0.0034421,0.0041537,0.0019082,0.0097012,0.0041882,0.0057135,0.0048849,0.0044058,0.0029791,0.010193,0.009966,0.004071,0.016044,0.0061924,0.0052943,0.0085632,0.012647,0.0080326,0.011346,0.011505,0.011304,0.0073339,0.01131,0.0096689,0.0082645,0.0035269,0.013369,0.0057624,0.0091508,0.01021,0.023682,0.014755,0.027475,0.012509,0.010901,0.0050601,0.01298,0.010797,0.011602,0.009623,0.0075011,0.0069185,0.005665,0.0033323,0.0031871,0.0034032,0.0031525,0.00684,0.0066597,0.0020354,0.0035581,0.0052275,0.0040214,0.0060344,0.0038032,0.0034348,0.0014319,0.004192,0.0035129,0.0062011,0.0095798,0.0027843,0.0071898,0.0043073,0.0056215,0.0034727,0.0047034,0.0059995,0.0031773,0.0012269,0.0051246,0.0050674,0.002587,0.0044567,0.0050069,0.0033833,0.0028024,0.0014312,0.0071327,0.0056546,0.0062069,0.003885,0.0014203,0.0031214,0.0051246,0.0019659,0.0024338,0.002398,0.0048145,0.0045273,0.0026301,0.0062991,0.0050489,0.0024687,0.0025969,0.0035357,0.0011124,0.0051899,0.0023239,0.0017854,0.0016165,0.0015289,0.0021168,0.003469,0.0015181,0.0014907,0.0021319,0.0024652,0.00085014,0.0040055,0.0025253,0.0034764,0.0026091,0.0032389,0.0019822,0.0022542,0.0029361,0.0017902,0.0018672,0.0021528,0.0013118,0.00079897,0.001669,0.0025026,0.001122,0.0013063,0.0018371,0.0029616,0.0021044,0.0020305,0.00088669,0.0014135,0.001841,0.0017332,0.0019811,0.0033806,0.00025066,0.0013451,0.0010694,0.001722,0.0019077,0.00052741,0.0011957,0.0013427,0.0024954,0.00057347,0.0030926,0.00060149,0.003234,0.00050073,0.0005908,0.00047011,0.0012528,0.0022829,0.0026701,0.0030566,0.0018561,0.0022846,0.0021134,0.0018959,0.0018603,0.00082188,0.0017198,0.0027408,0.0024927,0.00068078,0.002551,0.00051762,0.00090435,0.0039235,0.0034669,0.0020536,0.0022677,0.0013712,0.00084662,0.003291,0.0016526,0.0014497,0.0013224,0.0020021,0.0034845,0.00089986,0.002296,0.00071032,0.0017539,0.0018741,0.0011659,0.0029658,0.0018423,0.0025079,0.001594,0.0019626,0.0042686,0.00069266,0.0019858,0.001276,0.0029081,0.001928,0.0022137,0.00161,0.0016028,0.0013127,0.0012732,0.0021888,0.0011231,0.0023206,0.0011733,0.0019208,0.0018065,0.0012428,0.001967,0.0022041,0.0013293,0.0013632,0.0013539,0.0022493,0.00065615,0.0025978,0.00075473,0.00068898,0.0006998,0.0022517,0.0010209,0.0019033,0.0018098,0.0012286,0.0041759,0.0014422,0.0014852,0.0010087,0.001614,0.0024106,0.0027475,0.0020296,0.0012394,0.0014718,0.00068348,0.0024729,0.0027925,0.0024357,0.0030214,0.0014065,0.0016997,0.00040449,0.0016123,0.0020555,0.0016055,0.0006383,0.00079645,0.00064908,0.00076623,0.0011418,0.00084743,0.0015789,0.0011658,0.0013131,0.0014015,0.0022431,0.0015608,0.0035693,0.00076965,0.0007351,0.00088068,0.0025102,0.0026755,0.0012062,0.0018096,0.0022913,0.00091005,0.0008852,0.0025845,0.0013037,0.002216,0.002322,0.0034051,0.0025351,0.0018534,0.00062643,0.0031847,0.0017196,0.00064048,0.0032655,0.00067557,0.0034659,0.0015199,0.0027807,0.0019727,0.0027358,0.0023796,0.0017609,0.0023963,0.00083556,0.0025108,0.00065306,0.0010659,0.0031905,0.003542,0.0012287,0.00070126,0.0035488,0.0021644,0.0027006,0.0012809,0.00037169,0.0021831,0.00066786,0.0014562,0.0029702,0.0024448,0.0044332,0.0021895,0.0021919,0.0023235,0.0021848,0.00061619,0.0024995,0.00078509,0.0024759,0.0035446,0.0022426,0.0024796,0.0015786,0.0013044,0.0021275,0.00089131,0.0027813,0.0011736,0.0020206,0.0018551
0.0010303,0.0020751,0.0014242,0.0024595,0.0011562,0.0019772,0.0017136,0.0026787,0.0035763,0.002919,0,0.0033561,0.00080427,0.0017417,0.0065161,0.0012687,0.002229,0.0033144,0.0019033,0.0015848,0.0036013,0.0036754,0.0012918,0.001657,0.0013012,0.003063,0.002801,0.0057377,0.0030578,0.0017829,0.0047489,0.0039808,0.00071424,0.0039075,0.0014046,0,0.0015118,0,0,0.0090073,0.0021856,0.0080221,0.01078,0.0036532,0.018408,0,0.0036254,0.0029838,0.016543,0.0049649,0.016306,0.0095946,0.015634,0.018088,0.019539,0.0066483,0.0092293,0.0034919,0.0092771,0.014983,0.022435,0.0070615,0.0069845,0.010194,0.023294,0.0032222,0.021504,0.0095166,0.035005,0.021601,0.0066505,0.016238,0.034126,0.028423,0.031912,0.030961,0.0076137,0.020719,0.016461,0.013699,0,0.00659,0.024698,0.016375,0.015518,0.020568,0.0035694,0.012634,0.01495,0.013575,0.025026,0.024041,0.022415,0.012063,0.026138,0.012357,0.011767,0.020349,0.023883,0.0082388,0.017301,0.014509,0.021691,0.0087896,0.036107,0.01075,0,0.013051,0.040991,0.01245,0.013817,0.0188,0.019525,0.013143,0.033079,0.032101,0.044228,0.042081,0.010455,0.030084,0.028462,0.026178,0.0054796,0,0.032147,0.05013,0.025542,0.015941,0.027084,0.021891,0.0067797,0.036682,0.021573,0.011944,0.031304,0.020362,0.034247,0.043095,0.041856,0.021486,0.010909,0.004256,0.021244,0.024089,0.010656,0.011947,0.0090196,0,0.014038,0.027155,0,0.0062409,0.01588,0.078946,0.015458,0.029355,0.03866,0.038802,0.087693,0.047672,0.07999,0.097144,0.046818,0.029406,0.039284,0.045951,0.044455,0.022542,0.0521,0.12355,0.03392,0.039887,0.044616,0.05766,0.021278,0.069864,0.24721,0.030744,0.014752,0.13579,0.047868,0.065243,0.014748,0.11769,0.11287,0.012537,0.02143,0.11993,0.17746,0.031639,0.047946,0.027119,0.10983,0.069702,0.023283,0.0718,0.30508,0.031692,0.020013,0.065138,0.15822,0.015689,0.011818,0.025186,0.13259,0.12471,0.022357,0.012608,0.13168,0.031772,0.026135,0.024294,0.090886,0.29239,0.014026,0.034877,0.095305,0.23575,0.017843,0.10316,0.13991,0.26433,0.15006,0.06924,0.018349,0.21704,0.14059,0.078657,0.078511,0.13931,0.13361,0.012153,0.038333,0.087364,0.053946,0.018573,0.01959,0.013905,0.11394,0.027928,0.017233,0.012053,0.1125,0.030022,0.054416,0.038168,0.043014,0.19617,0.13211,0.064417,0,0.16288,0.13192,0.025831,0.026465,0.036922,0.24297,0.078851,0.081777,0.04115,0.12111,0.15393,0.030482,0.015794,0.075386,0.25344,0.11459,0.015063,0.033076,0.11131,0.20517,0.06911,0.035177,0.048515,0.31963,0.16272,0.047926,0.085091,0.15101,0.060683,0.032424,0.011448,0.012302,0.10845,0.1975,0.015397,0.029572,0.032399,0.12536,0.16262,0.02868,0.1082,0.079828,0.12878,0.048032,0.011387,0.098205,0.1073,0.04052,0.058397,0.067142,0.015941,0.18318,0.21775,0.10803,0.15011,0.042312,0.37647,0.16903,0.092407,0.041658,0.14062,0.3607,0.12095,0.05101,0.054908,0.13618,0.11091,0.014852,0.063351,0.026353,0.036435,0.067185,0.089698,0.073793,0,0.018436,0.017313,0.0085668,0.026558,0.047607,0.010436,0.051385,0.021611,0.017561,0.1193,0.063687,0.028488,0.011952,0.075625,0.061331,0.018076,0.014879,0.040644,0.062213,0.034529,0.0086142,0.079163,0.025277,0.13211,0.076043,0.012895,0.041928,0.0097176,0.047608,0.028803,0.011363,0.087565,0.14682,0.081919,0.014457,0.047712,0.00807,0.011501,0.040345,0.0287,0.038449,0.08158,0.028921,0.0047106,0.056047,0.0047351,0.0077462,0.0091224,0,0.034975,0.022067,0.018485,0.058064,0.039037,0.034692,0.0046216,0.0070543,0.009014,0.025692,0.024452,0,0.011179,0.025043,0.020222,0.020495,0.028045,0.044094,0.012306,0.07661,0.0085985,0.017517,0.0039636,0.027756,0.027969,0.028674,0.0098646,0.01329,0.055628,0.0094095,0.029622,0.016113,0.011278,0.0050755,0.0045056,0.011451,0.017224,0.017777,0.014569,0.0046803,0.0021946,0.0017457,0.01241,0.0090307,0.0026511,0.021546,0.011347,0.026073,0.0073992,0.0062616,0.0017647,0.0053222,0.014459,0.0080141,0.0032545,0.017319,0.0046643,0.0022285,0,0.0068814,0.006388,0.0011876,0.012113,0,0.0061437,0.0030613,0.0045229,0,0.0016822,0.0027342,0.0021404,0.0017319,0.0043633,0.0027975,0.0016625,0.0018117,0.0012884,0.0015689,0.0044211,0.00068395,0.0048984,0.0028507,0.0024833,0.0019308,0.0041565,0.0021827,0.009032,0.010925,0.012732,0.0032764,0.0034383,0.0080287,0.01575,0.0091812,0.0038188,0.001808,0.00098627,0.0029573,0.0048712,0.0053029,0.0085469,0.0041785,0.0018503,0.0039253,0.007605,0.01492,0.0071739,0.005384,0.0077163,0.011202,0.0089041,0.0018288,0.0099554,0.023631,0.011061,0.011016,0.014167,0.0054098,0.0068759,0.017881,0.010829,0.014246,0.010686,0.020294,0.0047273,0.0042919,0.0088848,0.012472,0.022778,0.02084,0,0.008288,0.0049407,0.012265,0.0033562,0.0044123,0.0074394,0.0056436,0.0045282,0.0078633,0.0049466,0.0022456,0.0023471,0.00051648,0.0033685,0.0053088,0.00089386,0.0018541,0.0067512,0.0073062,0.0010219,0.0045828,0.0053133,0.003819,0.0039758,0.0095701,0.0083086,0.0044996,0.0059931,0.0010863,0.0021504,0,0.0050401,0.0020553,0.0042265,0,0.0015266,0.0064283,0.0093189,0.0010951,0.00085507,0.0012759,0.0013653,0.0025161,0.0074202,0.0044093,0.00094052,0,0.0039915,0.0020468,0.0039231,0.0040359,0.0019582,0.0020133,0.0019453,0.0014905,0.0019426,0.0011516,0.0025224,0.0010492,0.0019118,0.0018658,0.0048394,0.0015944,0.003171,0.001734,0.002119,0.0049428,0.0028126,0.0038279,0.00088454,0.0028477,0.0010228,0,0.0011405,0.0038555,0.0020467,0.0007757,0.00086482,0.0026202,0.0014478,0.0012965,0.0012108,0.0012072,0.0010718,0.0039597,0.0013927,0.0011528,0.0019116,0.0020638,0.001354,0.00091077,0.0019974,0.00077415,0.0020147,0.0015206,0.0018328,0.0010237,0.00058773,0.00066787,0.0012773,0.0014537,0.001385,0,0.0023395,0.001975,0.0018524,0.002064,0.0024551,0.00034377,0.00055273,0.001785,0.0024997,0.00030785,0.00035619,0.0028905,0.0018986,0.00085054,0.0015723,0.00070368,0.0022654,0.00096229,0.00079927,0.0022802,0.0026314,0.0014956,0.0021293,0.0019754,0.0022673,0.0047819,0.0026564,0.00099108,0,0.0017,0.0012706,0.0017809,0.0029236,0.0026662,0.0016712,0.00096649,0.0023062,0.00092366,0.0010311,0.0028054,0.00052634,0.00059111,0,0.00047607,0.0013001,0.0020568,0.002579,0.0025709,0.0036239,0.0019094,0.0033215,0.0010162,0.00077688,0.0020226,0.0014771,0.0014885,0.0027521,0.0019901,0.0016336,0.0014633,0.0015217,0.00093407,0.0011365,0.0020916,0.001556,0.0018408,0.0014368,0.00035284,0.0016539,0.0016925,0.00048562,0.00089537,0.0010123,0.0027593,0,0.0002516,0.00073357,0.00098266,0.0012097,0.00086182,0.00052061,0.0015771,0.0017799,0.0015473,0,0.0013007,0.00083329,0.0014838,0.0013011,0.0017579,0.0002529,0.00091626,0.0019237,0.0012128,0.0011935,0.0013367,0.0017691,0.0010336,0.00081734,0.0016694,0.0016271,0.00043281,0.0024471,0.0016501,0.0011938,0.0010567,0.0028968,0.0023428,0.0006741,0.0030352,0.0025132,0.00091436,0.0033219,0.0019981,0.0012671,0.0028125,0.00067867,0.00060807,0.0016116,0.0015778,0.00084882,0.0012936,0.0022012,0.00085785,0.00038935,0.00063982,0.00040096,0,0.00074383,0.0022482,0.0025405,0.0019816,0.0021939,0.0023019,0.0037584,0.0045575,0.002607,0.0010709,0.0018673,0.0016672,0.0017065,0.0020149,0.00082379,0.0017321,0.0034028,0,0.00086502,0.00040308,0.002427,0.0039742,0.00048478,0.0026658,0.0029313,0.0021343,0.0021726,0.00031538,0.00020817,0.0035759,0.0031842,0.0025642,0.0021823,0.0018121,0.0045679,0.00088752,0,0,0.0020721,0.0019126,0.002274,0.0012612,0.0019976,0.003421,0.00044304,0.0018921,0.0017113,0.00099875,0.0011339,0.0013506,0,0.00093167,0.0019676,0.0025101,0.00086129,0.00046635,0,0.0017616,0.00087876,0.0037611,0.00030489,0.00178,0.0015522
0,0,0,0,0,0,0.00047933,0,0,0,0,0,0,0,0,0,0,0,0,0,0,0,0,0,0,0,0,0,0,0,0,0,0,0,0,0,0,0,0,0.0016096,0,0,0,0,0,0,0,0,0,0,0,0,0,0,0,0.0020162,0,0,0,0,0,0,0,0.0046317,0,0,0,0,0,0,0,0,0,0,0,0,0,0,0,0,0,0,0,0.0026817,0,0,0,0,0,0,0,0,0.0036243,0,0,0.0024967,0,0,0,0,0,0,0,0,0,0,0,0,0,0.024923,0,0.004564,0.0061225,0,0,0,0,0,0,0,0.0052042,0.0071597,0,0,0,0,0,0.0049017,0.0060936,0,0,0,0,0,0,0.0056334,0.010579,0,0,0,0,0.0035995,0,0,0,0.0027147,0,0,0,0,0,0,0,0,0,0,0.017568,0,0.019763,0,0,0,0,0,0.017246,0.02625,0.0091826,0,0,0,0,0,0,0,0,0,0,0,0,0,0,0,0,0,0,0,0,0,0,0,0,0,0.031268,0,0.017497,0,0,0,0,0,0,0,0,0.0052976,0,0,0,0,0,0,0,0,0,0,0,0.0094032,0,0,0,0,0,0,0,0,0,0,0,0,0,0,0,0.010246,0,0,0,0,0,0,0,0,0,0,0,0,0,0,0,0,0,0,0,0,0,0,0,0,0,0,0,0,0,0,0,0,0,0,0,0,0,0,0,0,0,0,0,0,0,0,0,0,0,0,0,0,0,0,0,0,0,0,0,0,0,0,0,0,0,0,0,0,0,0,0,0,0,0,0,0,0,0,0,0,0,0,0,0,0,0,0,0,0,0,0,0,0,0,0,0,0,0,0,0,0,0,0,0,0,0,0.0094755,0,0,0,0,0,0,0,0,0,0,0,0,0,0,0,0,0,0,0,0,0,0,0,0,0,0,0,0,0,0,0,0,0,0,0,0,0,0,0,0,0,0,0,0,0,0,0,0,0,0,0,0,0,0,0,0,0,0,0,0,0,0,0,0,0,0,0,0.0047663,0,0,0,0,0,0,0,0,0,0,0,0,0,0.0034589,0,0,0,0,0,0,0,0,0,0,0,0,0,0,0,0,0,0,0,0,0,0,0,0,0,0,0,0,0,0,0,0,0,0,0,0,0,0,0,0,0,0,0,0.001614,0.0020255,0,0,0,0,0,0,0,0,0,0,0,0,0,0,0,0,0,0,0,0,0,0,0,0,0,0,0,0,0,0,0,0,0,0.0024085,0,0.0038869,0,0,0,0,0,0,0,0,0,0,0,0,0,0,0,0.0010647,0,0,0,0,0,0,0,0.00075718,0,0,0,0.0012022,0,0,0,0,0.00096596,0,0,0,0,0,0,0,0,0,0,0,0,0,0.00073653,0,0,0,0,0,0,0,0,0,0,0,0,0,0.0007128,0,0,0,0,0,0.0010231,0,0,0,0,0,0.00061919,0.00033569,0,0,0,0,0,0,0,0,0,0,0.00067771,0,0,0,0,0,0,0,0,0,0,0,0,0,0,0,0,0,0,0,0,0,0,0,0,0,0,0,0.0002684,0,0,0,0,0,0,0.00054398,0,0,0,0,0,0,0,0,0,0,0,0,0,0,0,0,0,0,0,0,0,0.00064923,0.00051828,0,0,0,0,0,0,0,0,0,0,0,0.0003291,0,0,0,0,0,0,0,0,0,0,0,0,0,0,0,0,0,0.00049558,0,0,0,0,0,0,0,0,0,0,0,0,0,0.00073445,0,0,0,0,0,0,0,0,0,0,0,0.00028091,0,0.00053164,0,0,0,0,0,0,0,0,0,0,0,0,0,0,0.00039102,0,0,0,0,0,0,0,0,0,0,0,0,0,0,0,0,0,0,0,0,0,0,0,0,0,0,0.0013033,0,0,0,0,0,0,0,0.00047727,0,0,0,0,0.00038314,0,0,0,0,0,0,0,0,0,0.00060902,0,0,0,0,0,0,0,0.00052554,0,0,0,0,0,0,0,0,0,0,0,0,0,0,0,0.00039775,0,0,0,0,0,0,0,0.00050009
