949.13,541.45,102.25,688.8,120.42,1136.4,1602.5,1076.8,374.39,1105.4,1016.8,1554.4,851.56,750.26,400.67,1162.4,1027.8,560.31,1147.1,507.2,819.57,479.59,1403.1,933.86,921.76,691.81,293.56,1594.2,631.67,543.15,368.28,916.59,1666.9,771.48,389.35,612.42,1334.2,744.49,651.95,424.65,576.18,626.08,673.92,896.11,272.76,826.42,898.36,1167.3,528.48,723.23,712.99,815.52,509.42,941.87,1259.4,430.06,653.98,731.56,1460.7,884.07,606.79,537.21,621.93,706.79,508.57,321.4,931.83,906.36,1300.8,482.66,836.65,901.95,579.73,632.5,882.05,1089.9,667.25,224.85,1138.5,1207.6,1286.4,956.69,709.94,833.88,713.29,1251.7,1347.6,411.07,479.4,947.73,755.36,1168.3,1135.8,574.6,545.04,969.76,1459.2,1966.1,693.14,713.95,1221.5,530.13,411.29,961.7,734.8,559.45,641.26,737.7,937.68,714.85,348.63,512.29,633.6,782.38,558.43,649.85,994.05,647.03,747.53,476.58,628.84,756.78,653.47,643.2,452.06,273.1,970.69,727.91,304.81,598.45,533.95,788.54,849.27,739.77,1214.8,976.03,500.56,1139.5,984.75,341.72,687.71,846.56,931.41,808.44,649.38,709.51,915.88,1344.3,650.74,1527.7,1053,932.38,445.8,846.56,588.14,841.06,1077.1,538.4,942.58,805.5,1709.2,425.72,666.51,766.1,869.08,780.98,649.95,852.58,669.76,775.68,1325,530.05,840.08,745.1,284.94,888.83,518.96,959.93,1247.7,347.75,669,948.73,838.23,462.18,801.44,295.87,644.12,868.16,651.06,690.35,465.38,690.9,1271.4,419.16,883.05,810.88,627.07,596.18,688.09,1378.4,768.06,470.95,506.89,754.1,440.95,903.34,690.39,768.39,384.55,474.35,670.5,372.92,1038.8,935.73,340.85,504.49,1620,1272.4,872.3,1034.5,642.07,725.9,766.08,433.92,619.57,596.24,554.93,660.17,762.21,277.83,411.79,682.6,2013.9,318.96,644.74,300.21,1166,692.25,496.7,377.94,1249.5,1026,815.23,558.01,588.56,1123,405.82,794.33,610.99,900.69,568.87,230.83,502.35,935.2,930.19,605.05,416.98,893.14,439.97,863.7,473.97,968.79,623.93,807.08,485.65,478.99,596.87,464.74,521.67,813.82,685.01,930.1,436.49,592.75,403.78,653.67,677.34,487.42,486.06,820.15,928.26,723.22,672.16,691.14,844.91,791.64,534.77,798.71,535.77,1289.6,731.86,524.73,536.13,741.88,555.62,624.1,719.7,480.94,1343.6,736,752.74,581.8,880.07,349.02,922.67,761.85,159.27,652.24,321.41,764.75,728.21,686.9,497.01,690.88,838.45,862.29,426.53,636.82,664.86,669.46,879.21,693.26,366.99,645.58,873.98,1103.1,1013.1,1109,649.38,411.61,536.11,703.5,685.54,459.01,202.61,1037,685.07,544.42,543.59,772.58,445.37,903.42,635.39,809.24,761.73,822.84,616.83,535.12,670.43,648.74,672.44,655.32,590.98,608.21,458.71,835.49,720.58,551.83,1313.6,536.78,819.96,681.89,1105.3,439.31,517.99,454.35,956,802.76,363.46,713.66,506.02,559.06,573,413.07,669.07,503.11,627.53,771.29,918.2,1016.4,695.12,713.08,635.65,1487.9,789.97,850.34,781.03,639.15,1285,517.38,1375.3,1118.7,974.28,1323,754.67,185.61,1565.1,634.48,1307.9,561.77,639.18,1164.1,915.17,1426.7,1436.4,911.13,740.07,1119.4,534.1,1297,1280.2,1280.1,669.54,1280.4,641.31,348.26,446.91,557.58,906.22,802.6,1249.6,1442.2,528.5,1039.2,804.86,593.32,1241.5,867.53,314.61,647.06,1240.1,1433.6,1349.1,1217,911.33,1345.1,1061.2,1070,1146.8,1134.1,791.18,1113.4,1173.2,901.22,1209.9,854.47,444.95,1196.5,982.19,699.57,520.06,641.27,1263.1,709.18,514.78,1174.6,650.39,561.86,529.21,1137.5,1298.4,948.18,1388.6,601.24,762.6,241.37,1100.9,807.31,490.82,1057.9,598.76,917.12,319.13,436.83,528.75,507.11,537.49,495.22,440.16,418.15,503.92,593.41,547.51,548.35,415.17,423.97,540.67,569.22,514.4,557.59,507.19,467.37,587.28,702.24,690.9,866.82,523.38,472.5,539.47,583.73,438.19,578.06,596.72,466.11,564.13,551.37,556.74,465.66,506.36,588.25,659.85,464.11,462.28,395.32,397.69,719.9,844.8,1034.7,747.07,642.84,705.6,641.4,893.06,652.12,770.06,929.39,755.83,647.81,583.69,812.47,823.28,1138.2,722.07,1448.5,1003.2,998.48,927.11,684.81,1083.1,677.64,833.4,1033.1,1186.4,727.94,903.62,887.35,543.44,736.96,858.77,769.7,622.18,970.29,827.82,626.79,1069,633.5,724.35,604.28,963.03,401,886.35,999.07,1039.3,987.45,1121.2,970.07,695.87,1197.1,1141.6,589.75,748.69,504.66,1161.8,920.32,1004,737.76,688.01,820.59,843.07,1295.3,602.93,1072.4,728.47,1047.1,830.71,658.53,580.39,400.29,892.62,448.59,542.04,968.05,761.3,479.1,748.74,650.72,692.55,970.15,1123,757.08,886.28,484.26,678.29,864.24,455.05,538.14,1167.7,1146.4,588.19,669.84,802.52,738.46,358.37,498.96,604.66,537.09,646.87,591.46,539.72,205.68,801.13,609.79,536.69,479.35,649.11,439.92,633.15,508.06,550.19,645.85,571.09,497.84,617.91,610.87,663.57,503.51,540.31,640.4,619.85,494.45,513.18,538.71,571.09,679.12,690.36,542.18,1645.7,669.52,556.49,579.34,850.09,838.73,660.03,348.01,481.27,574.49,652.74,1239.7,640.17,523.74,815.69,426.03,600.06,679.19,556.06,750.69,512.17,703.92,604.77,1642.6,381.71,479.89,412.92,715.63,560.09,457.83,538.57,799.06,571.59,423.51,512.62,1465.6,374.95,546.5,609,617.26,109.94,338.12,561.71,384.2,680.11,1455.1,630.84,308.72,370.73,704.29,719.29,746.86,549.14,493.42,491.35,531.71,1576.6,475.19,663.91,588.92,661.31,844.84,1144,580.56,630.44,367.74,903.66,438.73,561.59,1034.5,576.09,457.17,536.39,484.38,874.08,824.32,756.6,565.88,638.14,701.26,1533.5,823.27,1311.7,725.92,482.24,677.05,1371.7,636.78,603.74,604.53,550.15,1078.4,1200.8,408.87,1075.4,759.88,1197.5,1329.9,1404.5,1355.4,1244.5,1148.4,1280.4,1344.3,607.58,859.75,1087.7,1230.7,1157.2,1295.4,811.73,1429.3,1421.7,550.52,1466.7,1072.1,1319.1,1231,1094.5,782.42,590.71,1495.1,1463.1,722.14,384.87,804.16,1228.6,1183.4,1219,936.26,982.31,1259.5,1184.8,696.8,1485.3,1038.3,1321,1412,1327.8,1352.7,912.38,1289.7,1148.9,297.75,800.61,655.52,507.46,505.14,1070.2,1305.3,986.38,1351.9,1240.9,1380.5
1362.9,1653.2,1664.9,1295.4,1552.2,1606,1997.4,1988.9,1524.7,2455.7,2284.2,1761.9,2812.5,1397.9,681.18,1854.1,1575.3,1715.5,2161.7,1529,1332.6,1539.9,1484.9,2329.1,1097.9,1476,1135,2129.4,1045.1,1249.4,1723.6,1648.4,2525,1913.7,2193.2,1620.8,2103.6,1472.8,1617.7,1778.3,1540.4,1542.2,1417.3,1735.4,1334.1,2118,1143.8,1496.7,1622.9,2194.7,1500.8,1320.9,1729.7,2115.1,2187.9,1564.3,1700.9,1945.6,1536.9,2593.5,2037.1,1992.6,1251.7,1662.4,1781,1910.2,1530.8,1031.4,2166.6,1430.8,1612.3,1799.7,1309,2619,1680.4,2515.8,1492.2,1688.3,2862.6,2926.3,1785.6,1489.2,1336.8,1559.7,1855.6,2747.7,2137.3,1407.1,1618.9,2126.2,1471.2,2472.6,1848.8,1645.8,1808.4,2238.1,2632.1,2697.3,1312.6,1684.5,2585.5,1719.7,1708.1,1835.9,1174.4,1953.7,1466.3,1254.3,1478.8,1583.8,1641.4,2227.5,1223.4,1665.9,1614.9,1329.3,1758.7,1605.4,1711.1,1749.4,1410.2,1845.8,2082.7,1514.5,966.2,1604.6,1954.6,1990.3,1268.1,1599.6,1599.8,1644.3,1762.9,1516.4,1761,1170,1498.6,2448.6,1914.3,1772.1,1369.3,1505.6,1520.9,2232.4,1898.2,2176.5,1549.4,1746.9,1448.9,2617.1,2466.9,2364.4,1940.4,1812.6,1606,1200.8,1603.6,1796,2229.8,1513.1,2897.3,1768.8,1253,2382.3,2435.9,2271,2075.9,2079.4,1903.2,1528.5,1809.2,1763.6,1894.2,1544.7,1545.6,1762.8,1372.7,1824.5,2220.1,1753.1,1250.5,1589.6,2218.3,1592.4,2047.5,1701.7,1527.3,1489.5,1747.4,1648.8,1954.2,1708.3,2827.1,1473.4,1517.6,1426.5,1580.2,1445.6,1562.8,1774.6,1620.6,1116.9,1832.5,1818.9,1345.5,2337.7,2508.5,1506.3,1523.7,1094.2,2011.7,1609.6,2008.9,1495.9,1553.1,1736.4,2044.3,2389.2,1521.7,2609.8,1782.2,1313.9,1489,2176.4,1689.1,1686.1,1360.7,1859.3,1719.3,1856.7,1839.3,1271.2,2825.6,1813.3,1473.3,1653,1676.9,1403.7,1561.8,1640.9,1976.1,2040.5,1225.2,1457.9,2278.7,2227.9,1703.7,1846.1,1252.1,2023.8,1548.6,1358.1,1611,1411.4,1766.1,1490,1854.2,1529,2050.8,1770,1456.1,1851.7,1859.8,1638.8,933.28,2258.7,1440,1885.5,1219.2,1291.5,1341.8,1493.3,1645,1731.4,2041.9,1476.5,1046.6,1546.8,1586.6,1183.1,2266.8,1609.8,1232.8,1147.1,1384.2,1584.5,1512.7,2204.5,1283,1340,1268.9,1520,1591.6,1295.3,1549.8,1687.1,1637.5,1887.8,2457.9,1229.3,1598.8,1241.1,2399.6,1562.9,2057.4,1639.5,1593.4,1079.5,1590.9,1507.2,1743.5,1199.5,1592.1,2235.8,1774.3,1807.1,1612.2,1451.9,1211.7,2100.3,2950.8,1472.4,1186.5,1593.4,2114.1,1421.9,1507.7,1671.1,1699.8,1911.9,1419.4,1851,1451,1728.7,1506.1,1626,1499.3,1503.1,1426.8,1453.6,2127.2,1651.1,1457,1854.5,1325.4,1459.7,1362.4,1080,1930.9,1593.1,1367.9,2438.3,1464.3,2006.5,1998.9,1664.4,1958.6,1591,2144.3,1660.8,1341.8,1657.8,2836.5,1555.7,1571.4,1946.1,1113.3,1359.2,1298.9,1693.1,1764.5,1830.4,629.27,1770.2,1524.8,1754.3,1600.3,1424.8,1503.1,1533.3,1268.8,2109.8,1887.1,2172.2,1820.4,1423.4,1981.3,1516.4,1674.8,1512.1,2731.2,2634.2,2602.9,2617.9,1483.2,1676.7,2193.8,1571.6,1956.8,1584.1,1360.7,1507.6,1792.3,2609.7,2707.7,2183.2,1797.1,1374.6,1382.3,1794.7,2775.2,2828.1,1516.6,1604.2,1513,1622.3,1535.2,1488.4,2099.3,1417,2595.3,2737.9,1889.1,1817.9,1484.8,1755.1,1761.2,1602.3,1488.4,1490.4,2463.8,1569.8,2342.8,2119.7,1844.3,2665.4,1679,1606.9,1568.4,1548.1,1626,1558.9,1485.2,1635.3,1421.5,1353.9,1449.2,1651.1,1447.2,1706.2,1293.5,1298.7,2589.3,1403.8,1519.5,2400.5,1299.8,2256.9,1607.1,1507.6,1954.5,1516.4,1918.4,1403.8,1749.8,1355.4,1758.8,2434.1,1212.2,1223.7,1213.3,1343.5,997.78,1044.1,1021.2,1051.1,1024.3,1268.4,968.01,1166.3,1189.2,1265.5,1123.1,1177.8,1317.2,1258.1,1172.7,1192.3,908.69,1388.4,1335.8,1307.4,1355.2,1150.8,720.57,1332.8,1254.6,1335.9,1112,1176.3,1362.3,1088.8,1542.6,1321.4,1123.9,1244.3,1361.5,1282.2,1650.6,1304.3,1221.9,1345,1354.3,1299.8,892.04,1304.4,1315.8,1243.6,1327.7,1317.7,1291.8,1263.9,1321,1244.5,1302,1405.2,1273.8,1027.5,1270.9,1298.6,1320.3,1455.6,1242.9,1758.1,1476.4,1426.1,1294.8,1315.3,1503.5,1391.3,1358.9,1364.6,1357.3,1274.6,1378.1,1336.1,1357.4,1309,1362.7,1325.6,1420.8,1455.2,1188.9,1373.1,1450.8,1249.5,1408.8,1522.6,1476,1274,1418.9,1461,1501.1,1538.3,1573.7,1430.8,1268.8,1574.9,1528.1,1459.8,1220.2,1261.5,1641.4,990.38,1494.4,1332.5,1286.1,1374.4,1357.1,2107.5,1456.7,1470.2,1516.1,1480.7,1567.6,1631.2,1282.8,1333,1981.3,1614.6,1517.3,1441.3,1634.3,1433.5,1363.6,1015.6,1527.7,1562.4,1615.5,1812.9,1599.4,1461.6,2037.5,1578.9,1584.7,1635.4,1546.8,1852.4,1647,1532.4,1563.9,1621.9,1601.6,1577,1527.5,606.36,915.35,975.47,1348.4,1387.6,1646.2,1183.5,1467.7,1472.8,1802.5,1595.7,1862.4,1797.6,1215.1,1959.9,2017.5,1590,1029.1,1121.3,1816.9,1660.8,1580.1,2091.8,1736.4,1738.2,1573,2018.4,1703.2,2057.2,1823.9,1525.7,1792.9,1622.2,1153.9,1372.9,2222.9,1601.7,1843.9,1658.2,1787.3,1547.6,1276.4,2569.8,1426.6,2086.7,2420.8,1231.9,1667,1513.3,1635.1,1785.6,1747.2,1685.8,2018.3,2546.5,1621.2,1519.7,1576.7,2165.3,579.09,1406.5,2297.7,1892.9,1926.7,1545.9,1617.1,2572.7,1526.6,1677.6,1656.6,2030.7,1091.3,1736.6,1646.8,1664.2,1475.1,2380.9,1096.5,931.22,1931.3,1264.8,914.02,1199.3,1342.1,2220.2,1729.6,1570.3,2466.5,1245.8,2200.7,1512.5,1481.9,2629.9,2487,1778.5,1610.7,1784.1,2561.4,1558.2,1582.9,2489.8,1570.2,1755.3,1554,1626.1,1552.6,1619,1458.1,1445.3,1918.9,1817.8,1976.4,1444,2429.5,1495.6,1584.8,1567.1,1995.4,1536.8,1865.9,1495.1,1509.5,1533.9,1634.6,1381.2,1413.6,1549.8,1522.4,2112.6,2169.7,1988.5,1641.8,1594.8,1718.6,1859.1,1280.3,2304.6,1439.4,1636.9,1650.7,2580.8,1393.6,2332,2508.9,2091.4,2639.8,1468.2,2420.2,1351.5,2207.9,1451.1,1585.5,2465.6,2502.5,1720.2,1402.1,1492.5,2189.9,1631.9,1685.8,1717.7,1561.6,1691.5,2255.8,1629.5,2550.8,2436.9,2539.4,2239.5,2132.8,1430.3,1940.2,1791,1774.1,1256.8,1458.9,1500.9,1755.6,1642.6,1141.5,2389.5,2434.5,2392.6,1459.2,1446.4
3186.1,3412.4,2176.5,2374.3,2303.3,2837.3,2848.3,3365.2,3155.1,2944.7,3508.1,2837.3,3343,3064.9,2051.4,3186.6,2761.2,2997.2,3448,2456.4,3025.9,2573.1,2970.1,3032.2,2315.3,2596.7,2444.3,3329.6,2374.1,2895.2,2763.3,3284.5,3573.3,2851.7,2326,2832.9,2879,2634.1,2838.2,3207.6,2959.4,2950.6,3030.2,3044.6,2792.9,3056.2,2356,3262.9,2909.4,3358.3,2590.9,2697,2919.2,3154.7,3463.5,2565.1,2927.7,2988.2,2703.2,3745.7,3030.3,3117.8,2208.2,2281.3,2301,2215.4,2282.8,2454.8,4000,2427,2786.8,2504.8,2920.6,3255.7,3147.2,3110.2,2749.7,2208.8,3635.1,3400.3,2901.7,2331.3,2384.4,3107.6,3065.5,3045.4,3328.9,2250.4,2636.4,3268.3,2650.1,3018.4,2645,2518.8,2839.1,2698.6,3635.4,3304.3,2787.1,2469.8,3221.9,2860.7,2834,3115.5,2591.5,3415.4,3216.6,3112.2,2518.3,2112.7,2688.8,3209.1,2535.3,2598.8,2487.4,2423.1,3309.6,2240.3,2756.3,2042.4,2814.2,3021.9,3570.4,2618.7,2598.3,2853.7,3511.5,3332.4,3075.2,2827.1,2785.4,2630.5,2760.4,2764.8,3214.6,2691.4,2708.3,3180.7,2957.9,3335.2,2722.4,2697,2438.1,2509.8,2981.6,3425.6,2143.6,3260.9,2610.4,3595.4,3439.7,3193.5,2902.5,2610.2,2817,3189.3,2571,2357.9,2943.2,3042.1,3343,2790.9,2437,3093.2,2802.6,3495.1,2945.3,3050.6,2850.9,2504.9,2874,2624.8,2865.2,2576.8,2603.2,2539,2108.2,3064.1,3677.9,2761.6,2346.5,2845,2732.2,2586.1,3368.2,2704.3,2793,2572.5,3136.7,2752.7,2579.9,2897.4,3345.3,2368.8,2364.5,2926,2930.1,2461.8,3211.5,3719.9,2334.1,2395.7,2531.9,2719.7,3478.9,3521.5,3355.6,3713.1,3054.5,2045.4,2795.3,2591,2906.8,2829,3140.3,2258.7,3282.6,3449.3,2824.2,2707.7,2920.4,2476.4,3279.9,2959.8,2344.2,2914.1,2059.7,2632.4,2563.6,2352.7,2714.4,2651.3,3661,2707.9,2446.9,2461,3344,2636.8,2653.6,2281,2732.7,2759.5,2482.7,2746.6,3068.7,3112.6,2682.1,3612.1,2711,2761.3,2513.6,2448.8,2712.6,2849.6,2907.7,2476.1,2255.7,2900.4,2604.6,3224.8,2261.4,2820.5,2239.5,2889.3,2454.1,2950.1,1794.6,2249.5,3163.3,2809.8,2889.2,2826.5,2181.7,2716.5,2514.2,2212.4,2861.3,2632.3,2640.2,2647.9,3302.9,2530.8,2411.2,2985,2349.5,3382.5,2673.1,3243.4,3001.8,2755,2855.3,3115,2368.3,2582.7,3085.4,2974,2686,2807.8,3161.1,2652.7,2920.3,2633.8,3018.2,2559.3,3481.4,2481.9,2478,2698.3,2625.6,2699.5,2912.9,2407.8,2317.4,2927.6,3217.2,2153.2,2985.5,3078.6,3153,3242,3273.2,2399.8,2673.6,2790.6,2743.9,2747.3,3185.2,2878.9,2467.6,2509.6,3034.4,2941.6,3101.6,2438.9,2898.3,3342.2,2869.4,2591.7,2565.7,3385,3035.3,2010.6,2466.1,3100.1,2925.2,1978.6,2555.9,2596.8,2979.6,2284.9,2660.6,3408.1,2486,2566.7,3063.6,3067.2,3012.9,2507,3020.3,2450.2,2249.5,2541.2,3410.3,2352.4,2615.3,2433.3,2638.7,2935.1,2583.5,2568.8,2819.4,2508,2069.3,2912.2,2726.3,3107.1,3095.4,2897.1,2389.8,3485.3,2512,3533.4,2534.2,2742.1,2684.3,2801,2658.4,2739.8,2925.3,3316.1,2759.8,3077.3,2941.5,3123,2626.6,2683,2698.9,2680.4,3521.1,2768,2523.6,2808.9,2734.4,3040.7,3494.1,2811.8,2753.9,2863.9,2723.3,3394.6,3457,2873.1,2810,2990.5,2814.9,2830.5,2732.2,2696,2838.5,2509.6,2692,3481.2,2543.3,2664.3,2704.1,2782.3,2993.3,2727,2754.6,2767.1,3212.6,2874.6,2933.4,2861.3,2940.8,2861.5,2665.7,2612.9,2844,2763.8,2831.6,2816.1,2804.7,2823.7,2756.5,2597.3,2626,2326.6,2731.9,2573.4,2736.8,2722.7,3070.1,2625.3,2754.6,3608.8,2848.9,3479.1,3017.9,2681.3,2768.4,2536.6,2631.7,2544.7,2507.8,2525.2,2660.3,2654,2550.8,2673.3,2598.1,2580,2621.7,2551.1,2567.2,2563.9,2559.2,2554.9,2463.2,2557.6,2568.5,3243.5,2808.7,2526.1,2609.5,2564.6,2422.8,2583.4,2509.4,2589.4,2569.9,2645.1,2695.5,1326.5,1361.6,1801.6,2608,2594.8,2538.6,2517.6,2362.1,2904.7,3507,2413.8,2358.6,2370.4,2636.6,3250.2,3223.4,1386.6,2764.3,2112.1,1566.7,1353,1974,2678.7,2729.8,2752.6,2663.2,2636.1,2589,2670.1,2574.2,2597.1,2594.7,2661.8,2668.2,2283.8,2602.3,2479.4,2606.9,2628.8,1481.5,2803,3449,1825.8,2654.1,2598.8,2609.8,2708.4,2865.6,2859.1,1954.3,2563.3,2514.9,3072.5,2641.7,2710.4,2626.8,2551.2,2555.5,2635.7,2585.8,1438.2,2795.9,1467.5,2022.8,2296.6,2146.9,2325.5,2619.6,2667.6,2509.5,2640.2,2401.2,2214.7,1732.6,3578.8,3690.1,1511.9,1628.6,1640.2,3466.7,1522.7,3739.9,1860.9,2661.1,2659.9,2406,3474.1,2573.2,2533.2,2636.8,2629.6,2613.7,2655.3,2598.6,2571.5,2466.7,2617.4,2592,2585.7,2705.7,2646.4,2627.2,2402.9,2630.7,2546.4,2764.8,2803.7,2597.7,2660.5,2666.4,2818.5,2122.5,2797.1,2686.5,2481,2778.7,2708.8,2763.9,2707.2,2301.8,1933.3,2609,1715.2,1752.7,2628.8,2512.8,2602.1,2673.6,2587.6,2699.3,1902.2,2641.4,2402.5,2591.7,2599.9,2203.7,2599.6,2799.8,1918.2,1704.2,2090.1,2670.9,2661.8,2248.5,2653.3,2595.5,2093.2,2667.3,2734.9,2705.2,3021.2,2620.7,1907.6,2660.8,2310.5,2476.9,2383.6,2654.3,2541,2648.1,2486.5,2592.7,2342.5,2461.1,3083.9,2596.7,2633,2862.5,2171.6,2287.2,2739,2714.9,2603.7,2258.6,2262.4,2658.6,4000,2282.1,2548.6,2501.9,2608.3,2285.7,2534.2,2850.7,2482.5,2377.3,2327.3,2450.4,3425,2388.4,2813.6,2606.3,2337.2,2362.7,2516.5,2396.9,2720.3,2241.2,3507.3,2978.2,2525.2,2642.2,2974.1,2862.2,1558.4,2727.1,2457.6,2452.2,1985.2,3641.2,2279,2592.5,2578.2,2799.5,3092,3117.6,2356.7,2663.8,2597.5,2800.6,2743.5,2648.3,3683.9,2521.1,2614,3154.8,2773.5,2709.7,2341.3,2509.1,2510.9,3765.8,3198.4,2476,2456.2,3613.1,2467.7,2781.7,2758.3,3258.3,2371.1,2765.8,3254.4,2564.5,2662.4,2670.1,2608.8,2599.7,2515.4,2583.6,2650.3,2665.5,2510.6,2654,2847.3,2321.6,3129.2,2508.6,2621.4,2742.1,2877.8,2681.9,3264.9,2502.2,2866.5,3483.7,2601.6,3004.6,2496.8,2790.2,2532,3452.8,2490.7,2437.7,3005,2716.3,2434.1,2621.2,2618.5,2647.1,2573.3,2527.2,2527.8,2563.6,2655.5,2578.3,2618.2,2966.9,2822.8,2781.6,2726.4,2662.3,2466,2625.9,2447.4,2540.9,2773.1,2692.3,2938.7,2540.1,3109.8,2617.7,2800.9,2607,2762.8,2694.1,2608.9
4000,3786.3,3370.7,3528.4,4000,4000,0,4000,4000,4000,0,4000,4000,3549.9,3760.8,4000,3180.8,3284.1,4000,3398.2,3097.8,3863.5,4000,4000,3551.9,3395.1,3441.1,0,3345,3651.7,3269.7,4000,0,3490.6,3416.4,3382.8,4000,4000,3267.1,3505.5,4000,3301.7,3633.8,4000,3532.6,4000,4000,4000,3476.2,4000,3241.3,4000,4000,4000,4000,3464.4,4000,4000,4000,0,3703.4,4000,4000,3738.1,3756.8,3259.1,3626.4,3667.4,4000,3523,3106.2,3298.8,3345.8,0,4000,4000,3223.8,3276.4,0,0,3841.4,3930.3,3583,3360.4,4000,4000,4000,3514.5,3286.3,4000,3621.3,4000,4000,4000,4000,4000,0,0,3269.3,3427.5,0,3349.8,3217.4,3690.5,3431.9,4000,3337.5,4000,3719.2,3604.9,3692,4000,3208.5,3389.2,3612.7,3603.8,4000,3242.7,3243.5,3204,3767.4,3362.9,4000,3242.1,3694,3394.1,4000,4000,3930.6,4000,3383.5,3244.4,3739.8,3239.7,4000,3391.8,3098.9,4000,4000,4000,3361.2,4000,3503.5,4000,3735.1,4000,3143.5,4000,3456.1,0,0,4000,4000,3233.5,4000,3620.7,4000,3576.7,4000,4000,0,3802.3,3834.3,4000,4000,4000,4000,4000,4000,3559.3,4000,4000,4000,3596.9,3736,3891.2,4000,4000,4000,3657.1,3508.1,3784.1,4000,3634,4000,3520.1,4000,3476.4,4000,4000,3724.9,4000,0,3659.8,3509.6,4000,3267.8,3836.9,4000,0,3120.1,3280.5,3354.9,3538.1,4000,0,4000,4000,3338.3,3068.9,3423,3501.4,4000,4000,3249.8,3446.9,0,4000,3304.7,4000,4000,3450.5,4000,4000,3372.7,3324.9,3249.4,4000,3677.8,3559.9,3522.8,4000,0,3015.6,3479.8,3200.9,4000,3715,3133.2,3375.2,4000,3391.3,3581.7,3569.5,4000,4000,3485.2,4000,4000,4000,3592.8,3308,3276.9,4000,4000,3525.3,3398.2,4000,3144.6,4000,3327.8,4000,3303.7,4000,3584.5,4000,3396,3685.7,3379.5,3501.5,2915.7,4000,3585.4,3725.8,2986.8,2992.6,4000,3384,3051.6,3067.9,0,4000,3549.9,3966.6,3602.9,4000,3124.1,4000,4000,4000,3352.9,3385.6,3283.5,3533.6,3774.6,4000,3363.4,3309.9,0,3421.9,4000,3530.3,0,3609.7,4000,3312.2,3423.9,3252.4,3423,3554.8,4000,3351.9,3714.6,4000,4000,4000,3425.3,3391.5,4000,4000,4000,4000,3184.3,4000,4000,3403.6,4000,4000,3463.6,3414,3360.4,4000,4000,3764.9,3739.1,4000,4000,3135.6,3145.5,3448,4000,3635,3737.7,4000,3595.5,3347.5,3630.3,3141.1,4000,3561.5,3332.1,4000,3087.1,3374.8,4000,4000,3389.8,3742.2,4000,3621,3676.3,3382.5,0,3675.9,3783.7,3675.7,4000,4000,3561,3424.9,3661.3,3647.4,4000,4000,3054,3388.3,4000,3398.1,3363.4,4000,3678.4,4000,3121.3,4000,3439.6,3724.3,3481,3136.5,4000,4000,4000,0,4000,0,3513.6,3638.5,4000,3550.8,4000,3560.8,3570.6,4000,3308.4,0,0,3724.4,4000,3415,3222.8,4000,0,4000,3255.5,4000,3572.7,3727.6,4000,3577.1,4000,3525.6,4000,0,3530.8,3199.4,3686.1,3361.9,4000,3577.7,3469.1,3753.8,4000,4000,4000,4000,3033.3,4000,3456.4,3438.8,3559.9,3466.6,3743.1,3306,3551.3,4000,3835.6,3418,3664.3,3514.6,4000,3588.6,3678,3669.7,4000,3307.8,3543,4000,3713.5,4000,3596.2,3106.9,4000,3588.6,4000,4000,3517.9,3408.3,4000,4000,4000,4000,4000,4000,3701.5,3580.6,3635.2,3605,3541.3,3549.7,3430.4,3615.9,3640.1,4000,4000,3525,3434.8,3526.7,3493.6,3524.6,3010.1,3307.5,3415.6,4000,4000,3631.9,3544.8,3581.1,3433.5,3681.5,4000,3682.9,3535.4,4000,4000,3701.1,3600.4,3655.6,4000,4000,4000,3533.2,4000,3809.7,3647.7,3527.7,3477.7,4000,4000,4000,4000,4000,4000,4000,3612,4000,4000,4000,4000,3549.3,4000,3691.9,4000,4000,2700.4,0,4000,3684.7,3593.9,3717.4,4000,2762.7,4000,4000,4000,4000,3579,4000,3741.2,4000,4000,4000,3098,3483.8,3070.3,4000,4000,3739.6,3666.1,3508.3,3736.6,3496.2,4000,4000,4000,4000,4000,3222.4,3532,0,4000,3488.1,3360.8,3416.4,4000,3692.7,4000,3754.6,4000,4000,3547.3,4000,4000,3610.2,4000,4000,4000,3844.3,4000,3606.6,4000,4000,3551.1,4000,4000,4000,4000,3515.5,4000,4000,4000,4000,4000,3073.1,4000,4000,3865,4000,4000,4000,4000,4000,4000,4000,3794.3,3794.9,4000,3811.8,3759.2,4000,2822,3091.7,4000,3135,2828.3,2725.8,4000,2915.2,4000,4000,4000,4000,4000,3912.7,2876.2,2750.5,4000,4000,3446.3,4000,4000,3021.3,2818.4,4000,4000,4000,4000,2960.8,0,2916.1,2947,2872.1,4000,3006.1,4000,2772.7,4000,2966.3,2916.9,0,4000,2869,4000,2781.5,3274.9,2754.4,2763.6,4000,3253.5,2872.1,4000,0,3227,2905,2818.1,4000,2982.5,3323.3,4000,4000,4000,2972.6,4000,0,3336,4000,3521.6,4000,3649.3,3667.8,3095.3,4000,4000,0,3316.9,3362.2,4000,3412.9,4000,3463.5,3166.3,3663.2,3598.8,3297.8,0,3555.7,4000,3620.4,3911.7,0,4000,3463.1,4000,3463.6,4000,3696.8,3028.6,4000,3645.6,3325.3,4000,4000,3237.9,3509.1,3721.2,3737.2,4000,4000,4000,3520.8,0,2960.3,3654.2,4000,4000,3505,3315.8,3486.1,3426.6,3611.5,3104.5,3175.7,3487.3,3786.6,3409.9,4000,4000,2985.5,3457.4,4000,3493.3,4000,3475.6,4000,4000,4000,3468.2,4000,4000,4000,0,4000,0,2893.9,4000,3736.6,4000,3482.4,3874.2,4000,4000,3516.4,3528.5,3510.9,4000,3369.6,3527,3439.8,3036.1,3776,3241.9,3757.1,4000,4000,4000,4000,4000,2918.1,3489,3538.7,3427.8,3373.1,3277.9,3207.1,3574.9,3493.2,4000,4000,3424.5,4000,3453.6,4000
0,0,0,0,4000,0,0,0,0,0,0,0,0,0,0,4000,0,0,0,0,0,0,0,0,0,0,0,0,0,0,0,0,0,0,0,0,0,4000,0,0,4000,0,0,0,0,0,4000,0,0,0,0,4000,0,0,0,0,0,4000,0,0,0,0,4000,0,0,0,0,0,0,0,0,0,0,0,0,0,0,0,0,0,0,0,0,0,4000,0,0,0,0,0,0,0,0,4000,4000,0,0,0,0,0,0,0,0,0,0,0,0,4000,0,0,0,0,0,0,0,0,0,0,0,0,0,0,0,0,0,0,0,0,0,4000,0,0,0,0,0,0,0,0,0,4000,0,4000,0,0,0,0,0,0,0,0,0,0,0,0,4000,0,0,0,0,0,0,0,0,0,0,0,0,0,0,0,0,4000,0,0,0,0,4000,0,0,0,0,0,0,0,0,0,4000,0,0,4000,0,4000,0,0,0,4000,0,0,4000,0,0,0,0,0,4000,0,0,0,0,0,0,0,0,0,0,0,0,0,0,0,4000,0,0,0,0,0,0,4000,0,0,0,4000,0,0,0,0,0,0,0,0,0,0,0,0,0,0,0,0,4000,0,0,0,0,0,0,0,0,0,0,0,0,0,0,0,0,0,0,0,0,0,0,4000,0,0,0,0,4000,0,0,0,0,0,0,0,0,4000,0,0,4000,0,0,0,0,0,0,0,0,0,0,0,4000,0,0,0,0,0,0,0,0,0,0,0,0,4000,0,4000,0,0,0,0,0,4000,0,0,0,0,0,0,0,0,0,0,0,0,0,0,0,0,0,0,0,0,0,0,0,0,0,0,0,0,0,0,0,0,4000,0,0,0,0,0,0,0,0,0,0,0,4000,4000,0,0,0,0,4000,4000,0,0,4000,0,0,0,0,0,0,0,0,0,0,0,0,4000,0,0,0,0,0,0,0,0,0,0,0,4000,0,0,0,0,4000,0,0,0,0,0,0,0,0,0,4000,0,4000,0,0,0,0,0,0,0,0,0,0,0,0,0,0,0,0,0,0,0,0,0,0,0,0,4000,0,0,0,0,0,0,0,0,0,0,0,0,0,0,0,0,4000,0,0,4000,0,0,4000,0,0,0,4000,0,0,0,0,0,0,0,0,0,0,4000,4000,0,0,0,0,0,0,0,0,4000,0,0,0,0,0,0,4000,0,0,0,0,0,0,0,0,0,0,0,0,0,0,0,0,0,0,0,0,4000,0,4000,0,4000,4000,0,4000,0,4000,0,0,0,0,0,0,0,0,0,0,0,0,0,4000,4000,0,4000,0,0,4000,4000,0,0,0,4000,0,0,0,0,0,0,0,0,0,0,0,0,0,0,0,0,0,0,0,0,0,0,4000,0,0,0,4000,0,4000,0,4000,0,4000,0,4000,4000,0,4000,0,4000,0,0,0,0,0,0,0,0,0,0,0,0,0,0,0,0,0,0,0,0,0,0,0,4000,0,0,0,0,0,0,0,0,0,0,4000,0,0,0,0,0,0,0,0,0,0,0,0,0,0,0,0,0,0,0,0,0,0,0,0,0,0,0,0,0,0,0,0,0,0,0,0,0,0,0,0,0,0,0,0,0,0,0,0,0,0,0,4000,0,0,4000,0,0,0,0,0,0,4000,0,0,0,0,0,0,0,0,0,0,0,0,0,0,0,0,0,0,0,4000,0,0,0,0,0,0,0,4000,0,0,0,0,0,0,0,4000,0,0,0,0,4000,0,0,0,0,0,0,0,0,0,0,0,0,0,0,0,0,0,0,0,0,4000,4000,0,0,4000,0,0,4000,0,0,0,0,0,0,0,0,0,0,0,0,4000,0,0,0,0,0,0,0,0,0,0,0,4000,0,0,0,0,0,0,0,0,0,4000,4000,0,0,0,0
0.0029783,0.0041877,0.0066044,0.0082314,0.0029975,0.0050707,0.0075094,0.0074179,0.0032277,0.0056532,0.0068607,0.005265,0.014593,0.026726,0.0032414,0.014782,0.0073689,0.011922,0.0063589,0.0025112,0.004441,0.016059,0.0034766,0.0096013,0.0024969,0.0066635,0.0037251,0.004677,0.0065281,0.0026598,0.0066385,0.0039526,0.0081687,0.00355,0.0046143,0.0032949,0.0059077,0.0075069,0.0052994,0.0039116,0.0044867,0.0080648,0.0065696,0.005085,0.002783,0.0043384,0.0041639,0.0018062,0.0023959,0.0027367,0.0076613,0.0066008,0.0025832,0.0076883,0.0093837,0.0056373,0.006491,0.0077591,0.0064779,0.0053751,0.0068762,0.003485,0.003876,0.0031547,0.0047569,0.0034148,0.0056727,0.0089054,0.0031612,0.0068989,0.0088936,0.010204,0.009333,0.0046801,0.0045533,0.0029957,0.0052313,0.00344,0.0030746,0.0030163,0.0049648,0.0057509,0.0031884,0.03378,0.029447,0.012971,0.0087955,0.005269,0.0082866,0.010809,0.0068396,0.011745,0.009295,0.0082506,0.0075342,0.0070544,0.013771,0.0060367,0.0067964,0.0080123,0.0064291,0.0063259,0.0069898,0.011583,0.004984,0.0046532,0.0061808,0.0078342,0.0091452,0.0097981,0.0096562,0.0069178,0.0027921,0.0042901,0.0022943,0.0089926,0.0096542,0.0055539,0.015366,0.0043415,0.0060249,0.0073002,0.0081535,0.0034449,0.0064677,0.0034563,0.0094246,0.012079,0.0020622,0.006941,0.0048818,0.0061431,0.010773,0.0059866,0.0073416,0.0067556,0.0044601,0.0047227,0.005064,0.0064317,0.006788,0.0025802,0.0059509,0.0061753,0.0066291,0.0043776,0.0045083,0.0027752,0.0089692,0.0057861,0.0062696,0.0075758,0.0048004,0.0051767,0.006488,0.004226,0.0036197,0.0087809,0.0027507,0.0015484,0.003768,0.011454,0.010421,0.00816,0.0063564,0.0088992,0.0037698,0.0064105,0.0052353,0.0058316,0.0057581,0.0036061,0.0040095,0.0059684,0.0052623,0.0070942,0.0029684,0.0028357,0.0070571,0.0045782,0.0076649,0.0063688,0.0019293,0.0041807,0.0084933,0.0031014,0.0082895,0.0030016,0.0080096,0.007699,0.0075964,0.0074041,0.0060101,0.0077626,0.0081147,0.0052966,0.0061107,0.0062799,0.010106,0.0022596,0.0054399,0.0043888,0.0035807,0.0053332,0.0060802,0.007944,0.0078321,0.0026306,0.004036,0.0035131,0.0033442,0.0043939,0.0020624,0.0021291,0.004498,0.0025168,0.0035283,0.010242,0.003614,0.0041366,0.0098824,0.0027987,0.0015973,0.001674,0.0041071,0.0063373,0.0068512,0.010181,0.0066635,0.0059052,0.0061271,0.00739,0.0086344,0.0058107,0.0077368,0.0086518,0.0028949,0.009062,0.0033562,0.0029566,0.0050698,0.0065948,0.0089663,0.0049042,0.0084754,0.005222,0.010028,0.01048,0.0044981,0.009153,0.0058604,0.0028251,0.0078139,0.0016223,0.0084788,0.0062937,0.0052968,0.006394,0.0059441,0.002923,0.0027347,0.0009801,0.0097938,0.0032953,0.0021489,0.0043725,0.0024564,0.012123,0.0079968,0.0036033,0.0047968,0.0067837,0.0036526,0.0061442,0.0047403,0.0034472,0.0033242,0.0068172,0.0090356,0.0077761,0.0077141,0.0059248,0.0029123,0.0063263,0.0090356,0.0083186,0.010536,0.0095483,0.0036656,0.0028676,0.0029552,0.010339,0.007274,0.0042931,0.0058991,0.0058663,0.0026576,0.0053994,0.0051969,0.0059961,0.0049957,0.0022338,0.0029844,0.0059405,0.0038061,0.0079446,0.0030088,0.0063603,0.0039945,0.0049695,0.005959,0.0075152,0.0048688,0.01621,0.0074724,0.0047314,0.0057143,0.0049123,0.0054917,0.0043383,0.0028544,0.0033468,0.0047105,0.0042974,0.0016765,0.004146,0.0014326,0.0052403,0.0060219,0.0033592,0.0093395,0.0043802,0.0071395,0.0059233,0.0017686,0.0054579,0.0054905,0.0022948,0.0027415,0.003157,0.003812,0.0075379,0.0074643,0.0075871,0.0031545,0.0072625,0.0060387,0.0023269,0.010111,0.0040344,0.0050986,0.0067062,0.0086866,0.0094877,0.0079074,0.0071584,0.016965,0.0043826,0.0045967,0.0050964,0.0072377,0.0049379,0.0070773,0.005068,0.0079661,0.0032619,0.0031108,0.0057566,0.004022,0.0085753,0.011784,0.011228,0.0011705,0.010962,0.010754,0.0069988,0.0050653,0.0071459,0.0050396,0.0095542,0.0099467,0.010915,0.015214,0.02641,0.016322,0.012614,0.018488,0.0073983,0.0058059,0.0041508,0.016549,0.01854,0.008803,0.017099,0.0044474,0.0072983,0.01566,0.0045027,0.0090512,0.0083899,0.011049,0.008178,0.029834,0.028046,0.026782,0.024516,0.022695,0.0085121,0.0055695,0.010114,0.005212,0.014754,0.016463,0.015443,0.010304,0.012174,0.0085116,0.020663,0.021021,0.013346,0.015471,0.01783,0.0082403,0.014035,0.007914,0.036134,0.015341,0.0096586,0.0097567,0.015237,0.019378,0.0062951,0.013868,0.0070059,0.012106,0.034405,0.0052716,0.022691,0.043241,0.013683,0.021182,0.026771,0.01844,0.023291,0.01368,0.010168,0.0054994,0.024866,0.0033224,0.017142,0.0062391,0.0075519,0.032907,0.0037803,0.0067711,0.017239,0.013659,0.013249,0.011802,0.013695,0.030614,0.015407,0.020389,0.0086613,0.012598,0.0082658,0.021902,0.023325,0.018297,0.011473,0.023025,0.030432,0.069295,0.26087,0.31911,0.25141,0.27582,0.22096,0.16595,0.41825,0.47266,0.24751,0.21185,0.18075,0.37516,0.47694,0.36504,0.27506,0.15841,0.29231,0.43664,0.45803,0.22076,0.18349,0.029678,0.10021,0.2656,0.54924,0.27647,0.23331,0.12457,0.10345,0.33713,0.41384,0.32134,0.23937,0.17696,0.12877,0.24644,0.22893,0.29536,0.18298,0.15271,0.0582,0.12493,0.25173,0.23753,0.075687,0.20588,0.14603,0.12654,0.35136,0.39418,0.19921,0.4666,0.16856,0.1674,0.20868,0.22955,0.42562,0.30748,0.18147,0.07656,0.20355,0.26106,0.37705,0.15816,0.19175,0.22943,0.16195,0.3382,0.19714,0.11371,0.19547,0.13138,0.13457,0.37781,0.32655,0.34537,0.21089,0.12745,0.21041,0.10059,0.19503,0.17334,0.048438,0.19652,0.055984,0.14296,0.11917,0.25137,0.21042,0.17637,0.073817,0.042751,0.15486,0.14138,0.286,0.25231,0.10337,0.10727,0.021933,0.1512,0.15137,0.15483,0.11669,0.13443,0.099262,0.063414,0.29358,0.16048,0.24443,0.16025,0.095535,0.12824,0.10747,0.25981,0.18897,0.19002,0.10268,0.10001,0.059614,0.18954,0.17929,0.029515,0.11017,0.16082,0.058499,0.083468,0.1162,0.19969,0.18489,0.20672,0.10934,0.065819,0.068115,0.035169,0.039565,0.13515,0.11799,0.13293,0.071849,0.038531,0.059487,0.038344,0.022168,0.10553,0.11189,0.15768,0.028362,0.080631,0.056631,0.16334,0.11723,0.082383,0.10656,0.11669,0.066334,0.061336,0.14852,0.085432,0.12924,0.1071,0.10789,0.069764,0.056157,0.043209,0.10748,0.086879,0.095125,0.13791,0.11087,0.071704,0.048816,0.073706,0.13948,0.014362,0.056462,0.057568,0.10899,0.083066,0.024336,0.031463,0.068287,0.079255,0.062623,0.056811,0.0302,0.051609,0.029106,0.02971,0.046899,0.048887,0.069022,0.07531,0.01579,0.05736,0.019073,0.040816,0.0558,0.059733,0.097662,0.065599,0.039966,0.0060247,0.044977,0.026051,0.01037,0.031194,0.045242,0.040759,0.047662,0.015768,0.032648,0.053841,0.019303,0.0087894,0.014628,0.012211,0.01876,0.013234,0.0079131,0.019633,0.012882,0.011574,0.018457,0.010658,0.0075737,0.027034,0.025807,0.02233,0.013449,0.0091574,0.021546,0.0062009,0.024162,0.021414,0.016206,0.0061751,0.012088,0.013344,0.017894,0.011767,0.011899,0.021997,0.024089,0.021774,0.015213,0.015199,0.011773,0.023199,0.023537,0.011751,0.0066002,0.028062,0.010145,0.009397,0.0047043,0.016537,0.019761,0.033412,0.021778,0.030764,0.013109,0.033218,0.0094804,0.018329,0.015134,0.047131,0.0078722,0.0086723,0.0207,0.01976,0.044335,0.02369,0.019741,0.015855,0.0045385,0.013398,0.025903,0.018134,0.0069762,0.010887,0.030025,0.035133,0.022065,0.013939,0.03125,0.033292,0.011126,0.024957,0.018801,0.044381,0.018879,0.018104,0.010138,0.011051,0.030412,0.031165,0.024799,0.0078034,0.017,0.0086158,0.031588,0.047348,0.024572,0.016666,0.014004,0.035395,0.021781,0.034578,0.034453,0.035121,0.051326,0.025055,0.0071294,0.020084,0.04471,0.027424,0.0055228,0.01895,0.0083513,0.014053,0.016083,0.00497,0.023202,0.0091829,0.01241,0.015753,0.014324
0.011225,0.017374,0.011866,0.0090585,0.0084659,0.0048334,0.0027181,0.0054885,0.011553,0.0072453,0.0091104,0.0023018,0.0055268,0.016852,0.019295,0.008941,0.0059769,0.011791,0.0088649,0.0046325,0.0091038,0.0071006,0.0086577,0.012812,0.0068026,0.0075582,0.0071186,0.0026143,0.0031294,0.0061043,0.0063119,0.0031249,0.0081817,0.007692,0.00166,0.0035848,0.0033416,0.00542,0.002249,0.0042654,0.007642,0.0095305,0.0034576,0.0015027,0.0058267,0.006725,0.0022248,0.0062656,0.0046703,0.0065017,0.0098419,0.0053559,0.003141,0.0057099,0.0031119,0.010225,0.0036794,0.0031056,0.0039424,0.00626,0.0048312,0.0029865,0.0040055,0.0068674,0.0073408,0.0025855,0.0045138,0.0019987,0.0042135,0.0058673,0.0033246,0.006093,0.012149,0.0080449,0.0070168,0.0061084,0.0064853,0.0068917,0.0058582,0.0052035,0.0038778,0.0029411,0.011433,0.01091,0.020629,0.0086367,0.00559,0.0035181,0.004543,0.005518,0.0049209,0.0088589,0.0049442,0.0017251,0.0058565,0.0042945,0.0055582,0.0046152,0.0058234,0.0052078,0.0033761,0.0062461,0.0070643,0.0041902,0.0044602,0.0053412,0.0053977,0.0050244,0.0060346,0.0013405,0.0098186,0.0091959,0.0062303,0.0067528,0.0089636,0.011894,0.020682,0.011678,0.013844,0.0056245,0.0081592,0.0062557,0.012009,0.0042376,0.0084884,0.0040319,0.00871,0.0052222,0.0054312,0.0035231,0.0063473,0.0058853,0.0055286,0.0043519,0.0030964,0.0044753,0.004156,0.0025948,0.0021974,0.0055196,0.0025251,0.0060945,0.0043661,0.0041135,0.012331,0.0057681,0.0050672,0.0036638,0.0039873,0.006163,0.010508,0.0039922,0.0031398,0.0048339,0.0074722,0.0053037,0.00388,0.0036565,0.0019945,0.0027274,0.0053632,0.0071638,0.0071597,0.004684,0.0030791,0.010867,0.0078455,0.0060337,0.0067229,0.0070968,0.0033008,0.0088312,0.0056726,0.0077851,0.013167,0.003055,0.0023352,0.0044789,0.003488,0.007723,0.0047819,0.0066737,0.003394,0.0054339,0.0068524,0.0044166,0.0073259,0.0038585,0.0066954,0.0038005,0.0064857,0.010696,0.0044352,0.004919,0.0020506,0.0064906,0.0034777,0.0068716,0.0109,0.0058084,0.0057689,0.00092294,0.0020065,0.0060508,0.0038003,0.0041039,0.007865,0.0043499,0.0082118,0.0015415,0.0036562,0.0058555,0.0065415,0.0034829,0.00665,0.0062999,0.002215,0.0069107,0.0052732,0.0080227,0.0062465,0.0021042,0.0045442,0.0038416,0.0066195,0.010105,0.0019041,0.0035028,0.0049507,0.0058712,0.0029607,0.0049322,0.0045771,0.0094363,0.0071545,0.0081553,0.0046752,0.0088269,0.0065068,0.0053659,0.0021953,0.0030537,0.0014564,0.0025831,0.0059519,0.0071588,0.0054135,0.0073643,0.0028035,0.0017267,0.0055726,0.0047414,0.0032088,0.0061363,0.0085265,0.016296,0.0090395,0.0052474,0.0047047,0.0055509,0.0043072,0.0051396,0.0076187,0.0039533,0.0053053,0.0052537,0.0049597,0.0057781,0.0026574,0.0057176,0.0046194,0.0057847,0.0062997,0.0033134,0.003004,0.0047357,0.0070279,0.010089,0.0070309,0.0024387,0.0029766,0.0058674,0.0051705,0.0039799,0.0060189,0.007963,0.01219,0.004271,0.0083877,0.0015696,0.0078549,0.014527,0.0028604,0.0028341,0.0069822,0.0035102,0.011922,0.0084728,0.0026968,0.0030343,0.0039929,0.0068518,0.0040542,0.0028586,0.0066068,0.0016517,0.0051317,0.0035454,0.0052525,0.0025623,0.004594,0.0036416,0.0033322,0.0042356,0.0025448,0.0021801,0.0047808,0.0059607,0.0034528,0.0015919,0.0031168,0.0014918,0.0044767,0.0053533,0.0022239,0.0044154,0.0048079,0.0060559,0.0055569,0.0078326,0.0054828,0.0024659,0.005421,0.0031603,0.0053209,0.0085998,0.0050167,0.0036031,0.0049156,0.0023423,0.0045953,0.006464,0.0039218,0.0065143,0.0064535,0.0018036,0.012954,0.0056172,0.0083276,0.005478,0.0072212,0.0034689,0.001972,0.0087739,0.0089641,0.0044506,0.0071372,0.0023471,0.0030708,0.0063765,0.0013021,0.0038345,0.0061882,0.0055325,0.0097023,0.0042227,0.0035929,0.010059,0.0051728,0.0070908,0.0073927,0.010539,0.0041709,0.0053197,0.01339,0.0026256,0.0071482,0.0086901,0.0046154,0.011163,0.0080966,0.0065431,0.0054239,0.0061119,0.010675,0.0078052,0.011476,0.010635,0.0090176,0.013526,0.015382,0.026338,0.014642,0.017798,0.0078092,0.016641,0.0048197,0.011346,0.0080851,0.011901,0.017518,0.019016,0.0087021,0.024246,0.01986,0.010634,0.013091,0.011065,0.021574,0.011833,0.010768,0.024595,0.040232,0.0047976,0.033621,0.0080831,0.021236,0.032256,0.011969,0.0081124,0.0049173,0.023078,0.020969,0.0073142,0.031183,0.023199,0.01349,0.011857,0.017276,0.026138,0.016285,0.017454,0.005244,0.010042,0.016519,0.021997,0.032778,0.016052,0.025008,0.028049,0.014138,0.02704,0.014559,0.014491,0.0092347,0.013881,0.02074,0.02249,0.032246,0.019476,0.026815,0.040374,0.025437,0.013004,0.014461,0.010706,0.012782,0.026327,0.041389,0.01604,0.0044841,0.015424,0.004893,0.013154,0.0076689,0.020518,0.00332,0.013177,0.02151,0.049134,0.057696,0.036716,0.072926,0.13771,0.30591,0.12087,0.056311,0.10508,0.26378,0.34733,0.32863,0.20875,0.19547,0.14478,0.33251,0.27539,0.31033,0.18409,0.14842,0.2159,0.31948,0.38633,0.39402,0.047814,0.099428,0.11762,0.24637,0.46947,0.26086,0.19528,0.10041,0.12467,0.18428,0.49632,0.36512,0.25532,0.21136,0.19205,0.14892,0.29175,0.33997,0.37952,0.15122,0.038309,0.11195,0.37391,0.42208,0.52322,0.45754,0.38311,0.16554,0.44397,0.63972,0.69724,0.58142,0.2902,0.3074,0.16926,0.69593,0.53001,0.41831,0.23581,0.19776,0.040288,0.36541,0.31998,0.27032,0.38282,0.24386,0.21282,0.39717,0.40541,0.1844,0.30828,0.17269,0.16104,0.28969,0.56866,0.51039,0.29309,0.037618,0.1841,0.11198,0.053842,0.29642,0.10163,0.15688,0.11402,0.15332,0.1884,0.3752,0.27243,0.25108,0.1322,0.085388,0.14393,0.20382,0.25953,0.29554,0.17374,0.019538,0.065178,0.042921,0.066564,0.25281,0.12256,0.040533,0.06183,0.1218,0.14325,0.53401,0.33686,0.30382,0.22475,0.21162,0.14701,0.21385,0.20978,0.03498,0.11717,0.20353,0.17193,0.073823,0.25465,0.093314,0.035825,0.15273,0.17257,0.11228,0.10493,0.040748,0.11739,0.047243,0.19107,0.13792,0.1196,0.044523,0.015177,0.10588,0.049474,0.20239,0.13943,0.061558,0.017575,0.10952,0.080005,0.023757,0.022219,0.068907,0.076504,0.070135,0.018553,0.12747,0.032541,0.053136,0.097685,0.054052,0.047325,0.033629,0.042567,0.063592,0.060182,0.017382,0.027672,0.023933,0.048422,0.015521,0.01577,0.067438,0.054975,0.088474,0.05568,0.07574,0.036194,0.069925,0.030015,0.062769,0.064938,0.021825,0.054288,0.023933,0.064133,0.022258,0.0544,0.064707,0.057163,0.036656,0.04708,0.04074,0.018825,0.054737,0.020157,0.049174,0.051028,0.032698,0.060392,0.057121,0.036867,0.029639,0.037791,0.060499,0.07783,0.058577,0.026109,0.026127,0.020862,0.01275,0.019558,0.0088547,0.044807,0.051177,0.043511,0.01965,0.04717,0.036159,0.013938,0.0054191,0.028574,0.025814,0.012784,0.010911,0.011528,0.0040911,0.02268,0.016165,0.0072456,0.0037083,0.0038657,0.013067,0.005544,0.011766,0.013453,0.015098,0.0044057,0.0037077,0.017857,0.030408,0.021632,0.012659,0.014861,0.015149,0.01074,0.019216,0.028125,0.041505,0.043988,0.035736,0.036603,0.037549,0.021831,0.0092297,0.010016,0.020722,0.023716,0.016838,0.018702,0.0033371,0.014763,0.034569,0.012587,0.049525,0.038291,0.0090392,0.024088,0.019406,0.029262,0.011926,0.01845,0.033397,0.040814,0.012807,0.020819,0.023653,0.012349,0.016498,0.0054228,0.015955,0.011714,0.0080435,0.018284,0.015277,0.0078233,0.045287,0.020779,0.016966,0.037834,0.01433,0.013054,0.021572,0.0076137,0.029416,0.014317,0.026305,0.01422,0.018836,0.03431,0.020956,0.017197,0.023334,0.023542,0.039036,0.043586,0.0096432,0.017084,0.021221,0.03256,0.02363,0.0096086,0.0083337,0.036954,0.036639,0.053222,0.040218,0.025165,0.026774,0.02232,0.018772,0.028754,0.021261,0.014794,0.034005,0.025054,0.024619,0.031891,0.015668,0.014886,0.016439,0.022023,0.017824,0.0055225
0.011416,0.0077927,0.0051298,0.0089264,0.0058195,0.0066411,0.0094932,0.0035255,0.010713,0.0013795,0.0064123,0.0014167,0.0067694,0.0072771,0.016451,0.01412,0.0058623,0.0072757,0.012816,0.0014569,0.0015167,0.01318,0.013517,0.0075911,0.0054029,0.0039527,0.0081611,0.0077547,0.0052112,0.0085857,0.002874,0.0074219,0.0073092,0.0022249,0.0048745,0.0011863,0.0044106,0.0054799,0.0049266,0.0018451,0.0072628,0.006309,0.0041412,0.0044493,0.003845,0.0045838,0.0049053,0.0062285,0.0037616,0.0075246,0.0028711,0.0027163,0.0066713,0.0047005,0.0023594,0.0064818,0.0064906,0.0049999,0.013066,0.0092494,0.0052801,0.0064707,0.0053447,0.0017006,0.0029358,0.0020463,0.0042466,0.0045513,0.0027895,0.0036599,0.0019338,0.0038004,0.0044414,0.010674,0.0087346,0.0052863,0.0052474,0.0025748,0.0025656,0.0058308,0.0044223,0.0074734,0.015298,0.0097589,0.030021,0.014626,0.011364,0.0056651,0.003658,0.0082617,0.0060157,0.0071995,0.0065373,0.0062275,0.010658,0.0093153,0.0047641,0.0077742,0.01125,0.0032495,0.011508,0.0064325,0.002554,0.005553,0.0065486,0.0070585,0.0015543,0.009982,0.0048379,0.003882,0.0084286,0.0097642,0.0052032,0.0026419,0.0050435,0.0088618,0.0097052,0.0023887,0.0046764,0.0013864,0.0058401,0.00083729,0.0057456,0.0053188,0.0056397,0.0061853,0.0074005,0.014167,0.0035627,0.0062019,0.0032314,0.0032133,0.0026279,0.0072349,0.0097323,0.010031,0.0032237,0.0046292,0.0030343,0.0061045,0.0042491,0.0082907,0.0062894,0.0043636,0.0050244,0.0034474,0.0015825,0.0055237,0.0048802,0.0073285,0.0066305,0.0089762,0.0081908,0.0010437,0.0089273,0.0064947,0.0079995,0.0060258,0.0031924,0.0064968,0.0056638,0.0062834,0.010242,0.0038842,0.0089313,0.010957,0.0092186,0.0036699,0.0067873,0.0050781,0.0096592,0.0052348,0.0086091,0.0077927,0.003648,0.0051385,0.0053622,0.0043322,0.0069208,0.0055931,0.012193,0.0067923,0.0035407,0.0054712,0.010975,0.0052317,0.0066235,0.0075875,0.0077824,0.0099544,0.0063323,0.0057415,0.0078052,0.010256,0.0048483,0.012346,0.001525,0.0038246,0.0048916,0.0045894,0.0025414,0.0080999,0.0035801,0.0028689,0.0032729,0.0054821,0.003736,0.005165,0.0052198,0.0095496,0.0013464,0.0083257,0.0038404,0.0095944,0.0068087,0.0034176,0.01093,0.011037,0.004715,0.0020369,0.0089541,0.0035575,0.0088992,0.0046618,0.0032837,0.0066743,0.0058845,0.0096337,0.0036444,0.0029208,0.0027494,0.0061546,0.0061223,0.0017606,0.0056279,0.0036827,0.0063105,0.0051866,0.0076498,0.0029315,0.0079838,0.0019222,0.0031429,0.00612,0.0067229,0.0063659,0.0051717,0.0077471,0.011638,0.0071455,0.0027128,0.0037193,0.0069595,0.0096927,0.0048645,0.0050466,0.0032219,0.0054545,0.0026485,0.0063821,0.0042825,0.0058528,0.0036268,0.006348,0.011014,0.004192,0.0024873,0.0048887,0.0040146,0.0049229,0.0038039,0.0086996,0.0058987,0.0087598,0.004372,0.0026254,0.0080027,0.0053977,0.0065062,0.0066271,0.0073539,0.012881,0.0032784,0.0027706,0.011405,0.0032379,0.0029386,0.0071932,0.0050705,0.0046588,0.0062543,0.0085,0.0030134,0.0086374,0.0062432,0.0069833,0.0052846,0.0044651,0.0071684,0.0023536,0.004386,0.0046266,0.0055096,0.0038613,0.011334,0.0070504,0.0046211,0.005082,0.0024079,0.004833,0.0073537,0.0055028,0.0037173,0.0056327,0.0042128,0.0045396,0.0039838,0.0026128,0.0034133,0.0029197,0.00086398,0.0058813,0.0069581,0.0066888,0.0045613,0.0060732,0.0077943,0.006753,0.0066139,0.0040613,0.0057468,0.0047455,0.0059475,0.0039758,0.0028048,0.011108,0.0083097,0.0018078,0.0030793,0.00090837,0.0018843,0.0018437,0.0053685,0.010683,0.0068021,0.01004,0.0070129,0.0055515,0.0069386,0.0056887,0.0037406,0.0074201,0.0048626,0.0019451,0.005091,0.0054578,0.0035086,0.0059456,0.0048604,0.0050194,0.0034472,0.003435,0.0026888,0.0018264,0.0032802,0.0010962,0.0074339,0.0089217,0.0097658,0.0077717,0.0058038,0.0050989,0.0079135,0.0040867,0.0060429,0.0057617,0.0080761,0.0074429,0.007251,0.0065774,0.0053615,0.004939,0.0073219,0.023032,0.01781,0.029935,0.016235,0.0053199,0.0046237,0.0045502,0.0036816,0.014945,0.010556,0.0079951,0.021014,0.030643,0.028059,0.012831,0.0095819,0.026007,0.023202,0.016382,0.026463,0.018663,0.01326,0.018513,0.034173,0.017361,0.022575,0.026197,0.011709,0.0053159,0.021343,0.01342,0.02496,0.017779,0.014142,0.01829,0.026792,0.021856,0.019528,0.012495,0.022818,0.017694,0.025801,0.024666,0.024671,0.0048231,0.025253,0.010915,0.016739,0.017274,0.012753,0.013407,0.0055023,0.012004,0.010233,0.024909,0.062469,0.042442,0.027932,0.012796,0.015233,0.039228,0.034689,0.027169,0.0064447,0.0058951,0.026131,0.01958,0.015317,0.028197,0.013281,0.017396,0.022218,0.014109,0.027514,0.020412,0.018073,0.029019,0.023547,0.019735,0.032263,0.031587,0.019967,0.03456,0.026579,0.019759,0.044033,0.060241,0.039186,0.035413,0.057913,0.2759,0.37731,0.30873,0.25317,0.21692,0.25794,0.22864,0.15312,0.088248,0.068368,0.033302,0.11545,0.19123,0.1646,0.22294,0.25419,0.22849,0.19413,0.16443,0.18892,0.2056,0.16642,0.0284,0.078107,0.12911,0.09073,0.060697,0.026458,0.094836,0.14176,0.079266,0.087061,0.070899,0.11091,0.079512,0.17193,0.083684,0.098312,0.055946,0.058205,0.16708,0.18373,0.1981,0.18103,0.1528,0.21932,0.18875,0.27441,0.34973,0.26913,0.21918,0.19291,0.24882,0.19115,0.14373,0.28767,0.19745,0.25629,0.31899,0.02902,0.24446,0.086,0.054023,0.044412,0.16617,0.21867,0.037555,0.19618,0.20742,0.037439,0.086907,0.056818,0.057006,0.17051,0.36954,0.25759,0.18547,0.14341,0.1319,0.11518,0.17877,0.081568,0.16271,0.05092,0.036686,0.029256,0.10184,0.14104,0.14733,0.076258,0.070312,0.044707,0.027867,0.074888,0.22192,0.25447,0.055008,0.055603,0.067705,0.10598,0.21367,0.098189,0.04021,0.10221,0.083962,0.042725,0.099507,0.34187,0.34157,0.34341,0.25815,0.14371,0.11481,0.24688,0.37691,0.091999,0.17302,0.22981,0.088199,0.10579,0.16897,0.23135,0.17564,0.12377,0.08779,0.042677,0.10195,0.17467,0.22405,0.19248,0.13595,0.039006,0.025178,0.025703,0.047077,0.16136,0.11493,0.12114,0.064174,0.03722,0.04012,0.051522,0.092398,0.070239,0.14536,0.080967,0.10427,0.053641,0.077316,0.13274,0.051949,0.10542,0.059371,0.10787,0.069434,0.048359,0.08859,0.033594,0.05868,0.087173,0.035934,0.054835,0.032288,0.025755,0.062265,0.070318,0.018271,0.035515,0.091887,0.067095,0.017498,0.033138,0.080897,0.049586,0.041506,0.095311,0.058544,0.048071,0.029542,0.02908,0.020657,0.054821,0.058061,0.080493,0.017802,0.056783,0.064325,0.053516,0.034701,0.014215,0.014389,0.018027,0.064445,0.036287,0.02635,0.04831,0.011717,0.029207,0.03774,0.042475,0.04517,0.025976,0.030053,0.021041,0.035378,0.024801,0.019408,0.040578,0.016269,0.01473,0.030993,0.029389,0.015765,0.012054,0.016999,0.015917,0.022033,0.011367,0.010915,0.0092587,0.023736,0.02535,0.013158,0.014063,0.013206,0.012853,0.010586,0.014293,0.003306,0.018878,0.02474,0.018624,0.020296,0.024564,0.015285,0.0073815,0.019363,0.020543,0.025566,0.0094377,0.023082,0.032793,0.014735,0.01886,0.025739,0.021836,0.011848,0.023905,0.0098012,0.017415,0.02676,0.01818,0.01334,0.0062607,0.011243,0.017778,0.028338,0.017516,0.028776,0.028971,0.011131,0.0075377,0.02164,0.02945,0.011835,0.030374,0.021315,0.0319,0.061049,0.044818,0.036978,0.028466,0.015154,0.0088512,0.012634,0.0092386,0.022844,0.023057,0.014755,0.037713,0.032359,0.044256,0.012818,0.042688,0.023104,0.024402,0.016181,0.014869,0.041426,0.020368,0.032761,0.0092893,0.035002,0.014032,0.0068249,0.013131,0.031467,0.039817,0.046199,0.018964,0.044314,0.047242,0.040571,0.032112,0.014627,0.010145,0.060776,0.023684,0.049161,0.028859,0.050984,0.050103,0.037857,0.0321,0.012102,0.024769,0.027177,0.012779,0.013869,0.008066,0.0078228,0.031278,0.018388,0.01299,0.020134,0.025373,0.033561
0.0035271,0.0016016,0.0096993,0.012901,0.0084264,0.0026454,0,0.0079053,0.0044619,0.0074606,0,0.0028934,0.0033187,0.021073,0.029296,0.0033352,0.0059127,0.0056248,0.0024128,0.0066447,0.011333,0.0066814,0.014269,0.007502,0.0076736,0.0070893,0.0085921,0,0.0084266,0.0011849,0.0093866,0.0024113,0,0.0041076,0.0034491,0.0059956,0.0012065,0.0026445,0.0042143,0.0048247,0.0029345,0.0023703,0.0022765,0.0010478,0.0047825,0.0085077,0.0051592,0.0056602,0.0040623,0.0021205,0.007104,0.0053262,0.0024575,0.0023214,0.0031993,0.0088761,0.012243,0.010778,0.010836,0,0.0015195,0.0013197,0.004424,0.0060889,0.0035802,0.0031169,0.0026833,0.0093022,0.0017357,0.0063899,0.009468,0.010323,0.007918,0,0.0027101,0.0018992,0.0034362,0.0091182,0,0,0.0016008,0.0040624,0.01001,0.020705,0.026244,0.010186,0.0030902,0.0045361,0.0089278,0.0037752,0.0088841,0.0024862,0.011908,0.0059544,0.0038277,0.0080525,0,0,0.013259,0.010881,0,0.0030161,0.0053829,0.0033738,0.0031848,0.002596,0.0087158,0.0059998,0.0024297,0.0045171,0.005801,0.0023845,0.010444,0.0064522,0.0031793,0.0078156,0.0054558,0.0063405,0.0065164,0.0068344,0.0039582,0.0057001,0.0023238,0.0092029,0.009948,0.0031723,0.004737,0.0026103,0.0031297,0.0054881,0.0045618,0.0071813,0.005979,0.0030795,0.0070206,0.0036116,0.008074,0.0012364,0.0020984,0.0032936,0.0055494,0.0036412,0.0080066,0.0065678,0.0040537,0.0012351,0.0070226,0.0056351,0.0056912,0,0,0.0026214,0.0036837,0.0084205,0.0066455,0.0024,0.0037266,0.0056832,0.0032343,0.0011821,0,0.0040777,0.0086873,0.0045415,0.0043345,0.001491,0.0042658,0.0043977,0.010906,0.011529,0.0040801,0.0076087,0.0047926,0.0049881,0.0052176,0.0041312,0.0029035,0.0011394,0.0018056,0.00198,0.011684,0.00439,0.0023604,0.0054106,0.003229,0.0050381,0.0048979,0.001987,0.0050818,0.0031894,0.004963,0.0080889,0,0.012187,0.0036814,0.0064472,0.0093238,0.0049421,0.0032375,0,0.0039284,0.0062168,0.0024203,0.0032062,0.0026664,0,0.0030639,0.00069998,0.0031546,0.0062366,0.0043097,0.0035661,0.001473,0.010426,0.0011515,0.0044459,0,0.0017613,0.0060325,0.003769,0.011744,0.0057467,0.0039821,0.003629,0.0053222,0.0046835,0.011307,0.0038266,0.0070243,0.0090468,0.006225,0.0045896,0,0.0026215,0.0054437,0.0099622,0.0026849,0.0039543,0.0036439,0.0088519,0.0043251,0.0062137,0.0081891,0.0013994,0.0055159,0.0016918,0.0064612,0.0018205,0.004246,0.0023806,0.0041545,0.0082629,0.0074796,0.0036787,0.0040883,0.0062409,0.012537,0.0043885,0.002895,0.0017844,0.008084,0.0034665,0.011683,0.0047332,0.0089498,0.0066854,0.012934,0.0058714,0.0021553,0.0054292,0.0011838,0.0047348,0.0066182,0.0041363,0.0038155,0.011031,0.0033045,0.0054769,0.0064918,0.0049012,0,0.014105,0.0050936,0.0027727,0.0098883,0.0029312,0.0087277,0.0037705,0.0029191,0.0089584,0.0062233,0.004291,0.0065934,0.005422,0.0012621,0.0052936,0.0075849,0.0092063,0,0.010903,0.0056808,0.0029143,0,0.0077747,0.0010908,0.0044963,0.0066529,0.0098073,0.0064977,0.0018991,0.007364,0.010911,0.01189,0.0086906,0.0014272,0.0031703,0.0021699,0.0048588,0.0097833,0.0021482,0.0019042,0.0060896,0.0076134,0.013309,0.002226,0.007838,0.0030932,0.011057,0.0089422,0.0086677,0.0044712,0.0018728,0.0034279,0.0044648,0.0027455,0.003077,0.0077836,0.0034268,0.0032631,0.0078514,0.010573,0.0071136,0.0050904,0.0071471,0.0026199,0.0043107,0.0075778,0.002959,0.0035845,0.0061087,0.012197,0.0015773,0.0081214,0.0052477,0.0027733,0.0062606,0.0058096,0.0034806,0.0053977,0.0098893,0.0030107,0.0032217,0,0.0051212,0.0047607,0.0029897,0.0041275,0.0075793,0.00422,0.0045918,0.0066867,0.0069531,0.0023172,0.0047651,0.010214,0.0015207,0.0021385,0.0032432,0.0098418,0.0039745,0.017655,0.0046323,0.0057066,0.015815,0.0030002,0.0072771,0.011478,0.015096,0.0077531,0.0070734,0.0099354,0,0.0034389,0,0.0072465,0.0081388,0.0072658,0.0037246,0.0031969,0.012092,0.011269,0.0074051,0.012102,0,0,0.0099744,0.0098365,0.0075202,0.018846,0.0045644,0,0.018583,0.023256,0.0028194,0.015273,0.0098056,0.016994,0.034546,0.011679,0.021862,0.0090566,0,0.01156,0.019044,0.016626,0.016537,0.0097331,0.010182,0.018481,0.015615,0.0046224,0.023172,0.009058,0.02542,0.01794,0.019811,0.015853,0.015419,0.029639,0.029348,0.011482,0.018141,0.0069218,0.021554,0.0098968,0.015703,0.020698,0.023813,0.02806,0.019257,0.015062,0.014313,0.0049337,0.0059071,0.010942,0.0021274,0.020169,0.0061413,0.019653,0.015492,0.0066164,0.014869,0.014249,0.009269,0.010348,0.014292,0.0061157,0.028218,0.0053952,0.0127,0.016315,0.0098002,0.050773,0.23311,0.2109,0.12416,0.12862,0.093495,0.14599,0.29217,0.22657,0.068496,0.06367,0.10549,0.19348,0.12537,0.12073,0.069249,0.12152,0.076223,0.1214,0.12239,0.29068,0.12756,0.13669,0.086228,0.072556,0.10637,0.28695,0.092013,0.07235,0.12362,0.096888,0.17576,0.1906,0.11828,0.30518,0.043534,0.043713,0.24789,0.26186,0.12411,0.087527,0.094997,0.28616,0.20295,0.13498,0.21568,0.15951,0.13383,0.28254,0.40083,0.13223,0.18429,0.37722,0.16853,0.14083,0.1741,0.32635,0.1364,0.20361,0.11102,0.25413,0,0.13357,0.27239,0.089734,0.067378,0.16676,0.095099,0.3026,0.28346,0.07466,0.065499,0.027243,0.029941,0.11387,0.23271,0.12733,0.11565,0.032629,0.019289,0.017819,0.13357,0.042135,0.084297,0.13497,0.063548,0.041145,0.10102,0.19749,0.028947,0.10974,0.083554,0.041766,0.038878,0.13685,0,0.023892,0.16759,0.030368,0.062799,0.01719,0.44087,0.024259,0.050503,0.016946,0.025836,0.055577,0.07777,0.31314,0.14159,0.11239,0.20654,0.064284,0.043167,0.19643,0.10728,0.051627,0.1203,0.045227,0.11772,0.027585,0.089596,0.17737,0.046936,0.052133,0.1545,0.085743,0.052465,0.072387,0.032347,0.09339,0.045157,0.028576,0.063645,0.045524,0.13049,0.26316,0.045921,0.069428,0.074612,0.037453,0.051665,0.12839,0.079126,0.080908,0.064615,0.1047,0.021675,0.023235,0.015597,0.053501,0.18805,0.05383,0.12494,0.067636,0.025204,0.051619,0.12469,0.014699,0.037624,0.11084,0.15002,0.033602,0.017586,0.016132,0.022509,0.038633,0.049848,0.087283,0.015098,0.015243,0.0057397,0.032007,0.063663,0,0.036878,0.10923,0.11332,0.017122,0.035015,0.020526,0.077172,0.0095012,0.052368,0.082573,0,0.014557,0.0088507,0.011375,0.076108,0.016512,0.051386,0.05653,0.021634,0.019417,0.021457,0.017282,0,0.035683,0.063151,0.03914,0.021193,0.012351,0.017366,0.0035234,0.026788,0.011178,0.036251,0.024936,0,0.019337,0.020889,0.010624,0.021566,0.0052385,0.012169,0.0084131,0.0055392,0.027277,0,0.003684,0.022429,0.0089997,0.0049309,0.0074715,0.0088182,0.01471,0.0074251,0.0083007,0.013494,0,0.0088092,0.019649,0.011362,0.0082982,0,0.0028341,0.016855,0.022839,0.0092052,0.0099737,0.0082993,0.026799,0.0043832,0.034484,0.027253,0.0097703,0.033793,0.012945,0.019655,0.012314,0.024692,0.0056449,0.0047191,0.0075842,0.0081314,0,0.0076719,0.02322,0.012963,0.011531,0.01352,0.0086733,0.006232,0.027663,0.018498,0.019073,0.0087705,0.0080351,0.015665,0.013929,0.012838,0.0098803,0.014276,0.019191,0.0090567,0.019535,0.024834,0.036651,0.012967,0.017004,0.02095,0.022802,0.0083776,0.036299,0.013443,0,0.006437,0,0.039506,0.011572,0.015175,0.0030442,0.025642,0.012179,0.0090837,0.025405,0.01777,0.011838,0.026412,0.017048,0.011945,0.022639,0.033144,0.026451,0.008112,0.017559,0.01737,0.012163,0.014801,0.015379,0.018909,0.019579,0.039866,0.019187,0.033183,0.016628,0.015795,0.017873,0.010517,0.017586,0.0075334,0.012421,0.0028531,0.0060558,0.013311,0.010189,0.0096104
0,0,0,0,0.0012136,0,0,0,0,0,0,0,0,0,0,0.002344,0,0,0,0,0,0,0,0,0,0,0,0,0,0,0,0,0,0,0,0,0,0.0018134,0,0,0.0014669,0,0,0,0,0,0.0017915,0,0,0,0,0.0014147,0,0,0,0,0,0.00088924,0,0,0,0,0.0017289,0,0,0,0,0,0,0,0,0,0,0,0,0,0,0,0,0,0,0,0,0,0.0042085,0,0,0,0,0,0,0,0,0.0018287,0.0012392,0,0,0,0,0,0,0,0,0,0,0,0,0.0013689,0,0,0,0,0,0,0,0,0,0,0,0,0,0,0,0,0,0,0,0,0,0.0017801,0,0,0,0,0,0,0,0,0,0.0011748,0,0.0018914,0,0,0,0,0,0,0,0,0,0,0,0,0.0029102,0,0,0,0,0,0,0,0,0,0,0,0,0,0,0,0,0.0009603,0,0,0,0,0.0018152,0,0,0,0,0,0,0,0,0,0.0016906,0,0,0.0026202,0,0.0013588,0,0,0,0.0013759,0,0,0.0011765,0,0,0,0,0,0.00082653,0,0,0,0,0,0,0,0,0,0,0,0,0,0,0,0.0013285,0,0,0,0,0,0,0.0012527,0,0,0,0.0015664,0,0,0,0,0,0,0,0,0,0,0,0,0,0,0,0,0.0015638,0,0,0,0,0,0,0,0,0,0,0,0,0,0,0,0,0,0,0,0,0,0,0.0010882,0,0,0,0,0.0029609,0,0,0,0,0,0,0,0,0.00059614,0,0,0.0017465,0,0,0,0,0,0,0,0,0,0,0,0.0011371,0,0,0,0,0,0,0,0,0,0,0,0,0.0015247,0,0.0019989,0,0,0,0,0,0.00077152,0,0,0,0,0,0,0,0,0,0,0,0,0,0,0,0,0,0,0,0,0,0,0,0,0,0,0,0,0,0,0,0,0.0010043,0,0,0,0,0,0,0,0,0,0,0,0.0015641,0.0014631,0,0,0,0,0.00099082,0.0013362,0,0,0.0008614,0,0,0,0,0,0,0,0,0,0,0,0,0.0015594,0,0,0,0,0,0,0,0,0,0,0,0.006938,0,0,0,0,0.0058805,0,0,0,0,0,0,0,0,0,0.0027358,0,0.0043166,0,0,0,0,0,0,0,0,0,0,0,0,0,0,0,0,0,0,0,0,0,0,0,0,0.0040223,0,0,0,0,0,0,0,0,0,0,0,0,0,0,0,0,0.0042131,0,0,0.005499,0,0,0.0021191,0,0,0,0.0068894,0,0,0,0,0,0,0,0,0,0,0.032101,0.041747,0,0,0,0,0,0,0,0,0.041568,0,0,0,0,0,0,0.040244,0,0,0,0,0,0,0,0,0,0,0,0,0,0,0,0,0,0,0,0,0.031973,0,0.061606,0,0.064876,0.06237,0,0.025691,0,0.07438,0,0,0,0,0,0,0,0,0,0,0,0,0,0.042733,0.050895,0,0.018898,0,0,0.053986,0.041171,0,0,0,0.037544,0,0,0,0,0,0,0,0,0,0,0,0,0,0,0,0,0,0,0,0,0,0,0.014221,0,0,0,0.11014,0,0.040199,0,0.02115,0,0.072496,0,0.030776,0.025427,0,0.025624,0,0.027617,0,0,0,0,0,0,0,0,0,0,0,0,0,0,0,0,0,0,0,0,0,0,0,0.013074,0,0,0,0,0,0,0,0,0,0,0.017927,0,0,0,0,0,0,0,0,0,0,0,0,0,0,0,0,0,0,0,0,0,0,0,0,0,0,0,0,0,0,0,0,0,0,0,0,0,0,0,0,0,0,0,0,0,0,0,0,0,0,0,0.0080515,0,0,0.0050721,0,0,0,0,0,0,0.0023517,0,0,0,0,0,0,0,0,0,0,0,0,0,0,0,0,0,0,0,0.0056423,0,0,0,0,0,0,0,0.0034368,0,0,0,0,0,0,0,0.0018088,0,0,0,0,0.0066925,0,0,0,0,0,0,0,0,0,0,0,0,0,0,0,0,0,0,0,0,0.010403,0.0036407,0,0,0.0079093,0,0,0.0040101,0,0,0,0,0,0,0,0,0,0,0,0,0.0028592,0,0,0,0,0,0,0,0,0,0,0,0.0049414,0,0,0,0,0,0,0,0,0,0.0073012,0.0025345,0,0,0,0
