982.25,1608.6,517.72,994.73,670.16,586.47,1011,740.15,643.13,1165.2,1175.8,508.88,1541.8,906.5,1166.6,708.58,1386.5,687.71,522.92,1270.2,805.05,872.41,182.24,1318,1179.2,1210.8,906.2,1650.4,1288.5,269.21,713.71,1218.5,797.36,1459.1,1309.5,1384.7,708.9,528.85,1625.6,480.19,1098.4,1191.7,1551.5,880.21,799.01,644.53,1136.6,1653.5,755.97,544,1419.6,952.98,958.4,1103.7,1264.4,1203.7,1147,1616.9,1362.9,529.92,1028.1,791.88,1222.9,1093.5,641.41,1102.4,950.4,545.41,1062.1,1285.4,773.36,1200.2,1276.3,312.88,170.7,1123.9,1336.6,996.29,655.07,833.82,399.06,916.16,530.36,745.45,872.07,332.51,894.06,1163.7,1184.1,615.05,708.32,808.62,532.28,505.76,442.99,822.05,1205.4,955.97,490.59,382.13,573.4,507.72,1445.2,1359.3,482.13,460.09,628.16,483.96,837.93,712.07,1515.6,1460.9,301.54,1012.9,1506.3,1529.2,1160,1643.1,1322,1014.4,535.8,778.25,572.23,681.11,1160.4,365.42,614.67,1315.8,856.82,871.38,1183.8,1244.2,918.09,1082.2,1294.4,1437.2,1411.7,1036.8,1174.9,826.51,1116.4,1239.6,1048.1,1391.6,1042.9,1383.9,1385.1,1226.6,1547.9,1114.2,1244.7,1688.7,1409.7,1177,1235.2,1392.2,1184,1246.1,1376.5,1571.4,1319.4,1290.6,1299.6,1265.1,915.47,1181.8,1421.6,1355.6,1192,1273.4,1279,1707.4,586.02,1207.8,1197.4,1366.5,1182.1,1346.7,1398.6,1958.8,1324.1,1156.8,1318.4,1217.5,1180,1521.2,1473.3,1689.9,1186.2,1231.1,1219.6,1184.9,1124.2,1341.7,1191.5,1360.4,1772.4,1403,1368.8,2042.1,1625.5,1151.3,1320.7,1477.5,1276.9,1290.5,934.12,1404.7,1328.7,1610,1257.7,1294.7,1426.5,1539.6,1305.9,844.3,1315.2,1401.6,1061.6,849.18,679.44,1006.3,558.41,844.63,1299.5,1435.9,367.54,1066.1,894,1201.3,1097.2,734.77,1143.2,1245.2,1043.4,1155.1,600.84,759.89,1060.7,864.54,709.14,791.76,1021,1320.1,1206.9,1330.9,1214,1059.2,773.66,1133.3,972.95,868.73,956.98,1260.6,1167.7,1491.3,1262.2,852.86,881.08,1336.3,1056.4,1169,1201.1,1140.1,1567.4,1541.9,1490.3,1426.2,1170.6,1611.5,1654.8,1427.4,1413.3,1355.1,289.04,225.62,1347.5,1599.2,1482.3,1611.8,1531,449.07,1418.7,1408.9,1349.4,1382.1,197.57,448.3,375.13,491.5,1598.5,1495.2,1606,424.48,379.45,443.41,51.699,1572.4,269.56,409.72,323.59,354.44,268.14,89.301,313.83,384.32,291.64,310.53,348.45,158.34,344.83,356.23,270.82,312.7,411.56,1358.9,378.56,348.79,265.41,322.17,453.91,1524.4,371.37,341.16,264.78,336.93,461.54,1376.5,436.96,324.52,272.68,337.14,428.33,204.7,466.76,324.9,279.55,305.04,416,232.32,451.39,331.54,315.01,293.58,374.52,1879.9,503.1,329.51,316.2,297.11,372.1,217.43,525.89,283.7,301.48,308.92,414.84,254.59,538.65,255.66,249.96,343.69,427.18,234.57,534.47,273.44,305.79,392.94,372.52,250.4,460.76,237.62,332.84,424.24,313.16,279.03,290.44,279.18,384.16,379.67,273.93,319.16,213.3,309.94,421.01,302.14,283.28,400.91,242.58,362.14,365.89,289.38,316.51,416.07,261.59,471.61,288.71,302.38,412.54,329.08,271.91,358.38,281.32,367.36,348.88,272.32,341.71,236.44,314.38,394.02,275.93,314.91,435.93,271.17,453.62,287.34,301.45,408.22,322.37,277.82,152.26,282.4,410.32,310.47,278.77,387.72,237.27,379.32,327.9,276.49,368.17,457.9,293.98,388.54,281.45,365.78,348.66,259.35,367.94,239.01,352.58,358.81,276.02,339.43,346.04,267.4,335.51,280.57,397.4,339.88,251.49,426.71,250.08,385,314.33,307.37,384.26,271.18,285.46,238.67,305.8,416.96,287.15,282.9,401.85,338.81,418.18,279.05,382.4,338.84,252.15,446.88,248.29,485.96,281.03,323.78,400.67,252.12,332.94,245.86,430.07,288.97,297.75,420.34,252.17,316.82,199.91,451.56,304.14,297.03,416.94,254.29,297.74,182.2,464.43,288.06,314.15,419.89,265.14,306.44,191.3,458.6,280.78,325.68,375.12,261.09,357.71,229.12,452.93,283.92,371.17,376.32,268.96,351.23,300.34,485.98,287.95,400.56,352.24,323.33,329.87,399.72,547.17,329.59,398.04,415.17,481.49,422.41,348.99,436.07,360.01,361.9,356.64,397.3,394.93,511.06,323.32,456.13,305.52,310.56,449.32,390.33,473.92,327.7,451.19,260.38,419.23,380.89,485.33,359.22,378.68,398.54,244.29,470.48,339.72,453.46,288.39,2360.6,336.6,448.07,319.1,415.47,513.87,364.72,504.97,365.28,345.38,240.83,237.56,432.69,233.21,226.76,337.98,238.87,276.35,372.52,2013.9,345.24,553.43,136.54,455.61,348.9,240.65,465.43,346.39,255.73,1988.1,391.13,233.92,266.94,377.37,249.23,230.16,2030.9,458.19,290.73,447.1,517.84,480.72,451.45,1899.1,395.67,355.89,360.65,341.21,231.39,340.21,1840,1861.3,319.56,632.79,192.93,1902.4,631.46,392.58,1747.8,611.82,940.17,665.08,801.18,538.71,1792.1,279.87,478.61,1677.3,796.34,247.73,1806.7,566.55,1826.1,1704.8,935.38,701.98,1248.9,574.59,637.3,544.68,948.64,674.74,766.81,915.57,709.02,708.5,659.16,587.3,737.43,716.62,1030.7,704.45,735.66,662,701.12,551.97,812.11,288.31,678.57,981.78,664.11,480.02,832.25,821.03,753.11,681.13,773.47,508.26,826.88,498.95,640.54,821.04,531.97,177.15,718.68,687.42,623.39,858.95,379.44,950.76,1374.6,826.98,661.73,1206.8,1686.4,492.11,933.93,276.96,1151,1249.6,895.68,775.97,1203.1,854.75,209.39,439.68,572.09,598.89,298.93,921.67,994.49,487.82,769.84,546.9,804.8,521.45,761.9,583.23,1070.2,1342.4,510.2,624.92,307.82,931.71,634.84,1347.5,613.8,647.91,798.13,409.88,1290.6,1021.6,1131.1,1041.7,313.65,407.8,1553.1,252.32,319.99,552.68,563.08,1310.7,482.56,539.4,1297.2,1124.8,487.94,716.19,415.26,643.2,723.53,998.01,660.67,599.42,1246.1,1718.9,430.89,1184.1,758.24,2022.8,633.28,1311.4,767.73,863.67,1051.7,245.5,324.64,686.16,762.53,543.35,903.39,675.49,1652.7,1217.4,954.96,1290.2,1123.5,1033.3,805.92,545.92,660.2,721.47,1012.3,1113.2,714.77,606.52,1339.7,1369.4,1139.3,590.97,1237.5,499.69,1104,463.78,1435.5,1242.9,1383.1,463.35,843.95,862.14,1232.9,882.61,966.01,1064.1,667.11,1345.2,571.51,552.16,714.37,1339.3,780.61,898.28,1087.6
2273.6,2211.7,1836.2,2815.5,1380.9,1405.6,1959.5,2285.8,1643.6,1781.1,2327.2,1618.6,2315.6,1433.3,1668.2,1293,1970.8,1262.9,1653.7,2692.1,1942.2,1446.9,1742.4,1785.5,1706.7,2798.3,1687.2,2759.1,2509.2,1339.2,1542.2,1696,1394.1,2067.9,1541.8,2019.4,1534.5,1915.3,2697.4,1453.4,2005.7,1467.7,2261.9,1584.5,1816.4,1608.4,2327.6,1654.3,1710.3,1635.2,2217,1402.7,1624.2,1511.7,2714.3,1823.5,1996.6,2834,2627.4,1275.8,2148.9,1697,1996.5,2791.1,2147.9,1687.5,1539,1547.5,1990.9,2156.7,1564,2298.5,2050.2,1570.9,1828.2,1820.1,1965.8,1167.6,1716.5,1428.6,1624.6,1330.7,1402.1,1543.1,2024.5,1273.4,1319.4,2236.8,1372.1,1370.9,1191.5,2104.9,1452.5,1687.8,1319.3,1287.1,2278.3,2304,1770,1602.3,1745.7,1649.2,1609.1,2060.6,1640.2,1541.6,1740.3,1352.6,2034.4,2090.6,2364.8,1687.2,1678.9,2199.5,1875.7,2007.4,1954.2,2420.2,1782.2,2135.4,1484.1,1738.7,1350.1,1707.1,1798.9,1613.8,2355.7,2085.4,1741.9,1919.1,1878.8,1743.1,1561.5,2151.4,1688.7,1997.4,1885.9,1899.8,1694.7,1911.5,1520.8,1746,1933.1,1566.3,2029.5,1817.7,2056.3,1813.6,1958.1,2130.7,1843.6,1797.2,2027.3,2074.9,1877.2,2053.9,2172.6,2040.8,1903.2,1849.7,2172.6,1777.4,2330,2257.7,1875.4,2225.8,2095,2293.8,2013.4,2093.2,2526.1,2561.4,1919.2,2040.5,1952,2074.9,1707.5,2302.6,2551.7,2226.2,1777.9,1695.3,1945.6,1944.6,1921.7,2478.1,2027.4,2519.1,2386.3,2386.7,1944.9,2261.3,2031.8,2063.2,2058.7,2005.6,2451.6,2379.2,2202.9,2590.4,2573.4,2298.8,1991.6,2374.9,2166.2,2012.3,2342.7,2389.5,1863.2,2190.3,1864.1,1777.9,2677.8,2331.2,1880.3,1872.6,1699.6,2428.4,1773.8,2218.4,1730,1407.9,1691.4,1551.7,1482.6,1947.4,1557,1859.7,2299.5,1644.6,1623.5,1775.2,2168.3,2160.5,1483.9,1589,1616.2,1737.9,1567.2,1572,1807,1672.4,1676.5,1607.9,1680.9,1760.3,1696.4,1639.7,1594,1733.7,1719.8,1592.1,1586.5,1265.8,1625.5,1913.7,1843,1850.5,1638.4,1691.2,1596.6,1587.3,1627.7,1597.9,1574.6,2047.1,1904,1798.8,1869.1,2072.2,2113.6,2175.6,1852.4,1819.6,1603,1479,2175.7,2208.9,2188.7,2186.7,1851.5,1525,1863.5,1844.9,1975.4,1820.8,1362.9,1382.5,1475.3,1405.1,2250.1,1841.1,1866.2,1412.6,1623.9,1378.1,1267.5,2431.4,1466.3,1356.3,1413.9,1385.1,1357.3,1383.3,1551.2,1467.8,1473,1296.9,1421.7,1334.4,1433.6,1415.3,1397.3,1329.6,1479.5,2060.5,1532.4,1516.5,1516.2,1375.2,1446.4,2138.8,1474.6,1502.4,1358.1,1627.4,1703.6,2150.1,1434.8,1604.2,1523,1593.7,1668.9,1289.9,1677.4,1696.3,1587.9,1803.7,1820.1,1777,1851.5,1829.4,1779.6,1883.1,1905,2345.2,1978.7,1969.7,1930,1875.8,1970.6,2108.1,2036.2,2058.5,1935.9,2044.1,2044.4,2222.6,1934.5,2096.7,2041.8,2011,2075.2,2082.3,2098,2152.4,2074.7,2017.6,1969.1,2102.2,2030.3,2145.8,2098.5,2068.8,2051.4,2253.3,1746.3,2211.6,2143,2097.6,2113.6,2243.1,2259.9,2238.7,2185.9,2176.4,2213.3,2241.4,2132,2257.6,2150.5,2124.6,2127.2,2221.6,2293.4,2160.6,2141.9,2157.7,2143.9,2154.8,2235.1,1869.7,2203.9,2194.8,2130.5,2153.9,2209.8,2168,2175.1,2186.8,2150.3,2174.7,2513.9,2448.3,2107,2131.1,2179.8,2185.8,2380.7,2340.6,2331.7,2198.3,2207.2,2164.8,2214.2,2328.5,2190.4,2245.9,2184.9,2159.6,2164.9,2236.6,2493.3,2054.8,2178.7,2238,2206.4,2324.4,2215.4,2276.7,2158.3,2200.1,2253.5,2152.8,2218.2,2269.3,2063.4,2227.1,2226.1,2254,2185.4,2192.2,2412.4,2195.9,2207.2,2259.2,2153.6,2285.9,2299.3,2207.2,2336.6,2312.4,2268.3,2191.1,2255.2,2302.9,2017.9,2227.6,2268,1836.6,2307.3,2751.9,2594.4,2206.9,2226.8,2222,2105.7,2240.1,2226.3,2206.3,2022.9,2196.5,2242.2,2201.1,2159.1,2222.8,2156.9,2475.8,2223.9,2272.4,2192.4,2127,2206.6,2186.8,2344.3,2186.1,2227.1,2203.3,2188.3,2193.8,2149.4,2227,2190.3,2248.3,2195,2332.8,2280.8,2272.1,2176.7,2253.1,2260.1,2325.7,2161.4,2240.3,2397.8,2258.2,2268.9,2272.8,2241.6,2362.6,2297,2289.7,2488.2,2430.8,2194.6,2363.3,2654,2797.2,2370,2384.8,2528.5,2283.5,2409.8,2582.3,2750.3,2223.6,2408.5,2339.6,2342,2178.7,2104.1,2245.2,2159.5,2101.4,2152.3,2153.9,2100,2178.4,2236.9,2306.4,2254.8,2209.4,2050.6,2338.7,2448.9,2411.2,2157.4,2612.4,2003.4,2309.6,2092.6,2063.9,2258,2124.4,2125.6,2172,2237.4,2057.7,2133.1,2045.3,2082.5,2350.1,2351.8,2066.7,2321.9,2141.3,2794.7,2117.9,2026.1,2127.8,2052.7,2068.1,2485.8,2143.5,2347.6,2192.3,2536.5,2012.1,2123.1,2341.8,2094.9,2161.3,2085.2,2548.2,2160,2272.7,1956.4,2165.5,1948.8,2040.1,2419.8,2043.1,1952.8,1957.3,2059.8,2007,1869.3,2668.3,2548.8,1951.5,1938.7,1841,2429.5,1870.9,1825.1,2110.9,1959.7,1940,1944.5,1910.4,1835.7,2598.2,1718.3,1835.5,2140.5,1839.1,1799.2,2486.6,1807.1,2232,2153.5,1915,1751.5,1917.2,1797.8,1621,1833.9,2556.9,1846.3,1787,1511.1,1789,1742.5,1806.9,1393.5,1957.5,2122.8,1960.9,1527.6,1142,1614.4,1295.5,1830.3,1341.6,1599,1377.7,1509.7,1482.1,1787.1,2420.8,1199.3,1456.9,1193,1548.1,1566.9,1591.9,1651.4,1420,1896.4,1364.9,1385.9,959.67,1972.8,1184.1,1503.8,1568.5,1431.3,1694.9,1534.8,2290.3,2268.6,2212.5,2216.5,1468.5,1102.2,2137.6,2328.6,1770.6,1500.6,2464.9,1681.8,1393.4,2225.8,1687,1693.5,1766.4,1518,1322.5,1631.8,1503.5,1368.5,1880.2,1202.5,1885.3,1410.4,1432.3,2453.3,1742,1630.2,1588.1,2014.1,1297.5,2192.8,1661.1,1642,924.08,1024.5,2498.9,2099.6,2515,2502,1649.8,1544.9,2691.1,1732.4,1601.3,1878.4,1526.3,2702.7,1421.3,1464,1808.7,2524.9,1764.2,1441.8,1596.1,1955.1,1589.9,2231.5,754.96,1829.7,1688.5,2537.7,1640.8,2170,1856.7,2162.5,1694.2,1914.4,1923.4,2520.2,1472.7,1663.9,1187.6,1678.9,1658.4,2006.3,2066.8,1521.3,2766.4,2042.7,1880.5,1909.4,1726.4,1478.3,2783.1,1252.6,1660.5,1279.6,1624.1,2137.6,1624.5,1600.5,1865.7,1881,2075.8,1215.5,1987.5,1416.7,1216,1195.5,2683.3,1967.3,1938.6,1622.4,1139.2,1720.3,1905,1512.8,2333.9,1582.2,1806.8,1526.9,1513.2,1699.3,2327.1,1731.9,1286,1257.1,2135.3
3319,3554,2405.1,3316.9,2564.7,2430.3,2466.6,2781.7,2648.8,2366.7,2523.6,2572.8,3338.6,2243.1,3066.4,2548.5,3568,2091,2226.1,3200.5,2397.7,2323.9,3165.2,3218.2,2308.2,3293.4,3066.3,3221.6,3187,2748.1,2445,2993,2881,3664.1,3045.3,3105.4,2914.5,2925,3273.3,2892.2,3279.3,2964.6,3028.7,2977.1,2516.8,2517.5,2851.2,3192.9,2064.1,3311.5,2777.7,2480.5,3089.9,2926.3,4000,3291.7,2235.9,3148.4,3178.8,2607.9,3332,2882.5,3174.4,3444.6,2789,2794,2875.7,2539,3220.4,2935.5,2652.6,3379.9,2905.7,2131.8,2379.7,2237.8,2551.2,2811.5,2379.8,2225.9,2582,2155.7,2207.5,2488.9,3123.8,2212,2095.7,3294.3,3242.9,2454.6,2530.5,3318.4,2464.6,2310.4,2667.9,2403,3314.6,2854,3105.2,2543.7,2838.3,2868.4,3175.7,2935.9,2096.1,1813,3112,2488.6,2721.9,2803.5,3161.4,2662.8,1837,3348.6,3315.9,3165.1,2468.8,3069.8,3206.9,2372.8,2677.4,2720.7,2422,2768.2,2489.6,2516.3,2665.7,2673.4,2540,2664.3,2597,3207.8,2398.5,2456.9,2580,2453.5,3085,2608.4,2403.7,2433,2886.8,2474.8,3014.1,2796.7,2442.8,2831.1,2466.5,2939.7,3195.2,2496.9,2835.2,2736.1,2806.9,3045.4,2624.6,2706.2,2864.6,2683.1,2813,2785.5,2698.2,2736.9,2666.9,3057.6,2001.1,2695.3,2804.8,2665.7,2941.2,2812.3,2906.4,3293.7,2671.6,2658.5,2669.7,2790.3,2539.9,2789.9,3017.7,2988.4,2708.8,2887.7,3130.3,2951,2833.6,2745.4,3136.3,2904.3,2841.5,2855.1,2971.6,2861.3,2838.9,2553,3047.9,2708.8,3240.2,2505.1,2844.8,3491,3249,2819.1,2596.6,2739.1,2876.5,2965.4,2808.4,3094.8,2702.1,2689,2688.8,2670.8,2763.1,2840.5,2645.7,3036.6,2906.5,3310.9,2445.9,2472.4,3019.4,2434.8,2592.8,2460.4,2199.6,2445.5,2584.1,3029.2,2796,2805.3,2598.1,2552.6,2566.2,2593.9,2293.5,2778.2,2548.2,2321,2398.7,2150.9,2146.3,2691.5,2642.1,2251.3,1825.3,2237.9,2315,2134,2020.4,2581.7,2269.2,2162.6,2215.2,2462.6,2575.8,2317,2438.6,2267.6,2625.2,2458.2,2256.7,2579.6,2234.4,2712.5,2211.5,2517.8,2481.9,2450.3,2289.4,2535.2,2765.6,3280.8,2667.6,2524.3,2268.1,2095.8,3048.5,3101.3,3244.4,3749.6,3485.3,2148.1,2615.4,2490.2,2889.5,2954.6,1809.9,1805,1861.7,1829,2713.3,3015.6,2114,1920,1899.7,1852.6,2197,2472.8,1988.2,1941,1894,2426.3,1756.5,1815.1,2039.3,1997.9,1950.5,1992.7,1863.1,2155.2,2001.5,1940.8,1934.3,1986.2,1732.8,2958.8,2042.5,2002.1,2027.3,2121.4,1959.2,2563.7,2044.1,1973.5,2164.1,2095.7,2056,2792.7,2262.7,2035.3,2063.3,2086,2161.2,1871.8,2194.3,2116.7,2409.8,2327,2306,2215.3,2363.4,2284.2,2480,2314.9,2576.4,3190.7,2549.8,2485.4,2617,2570.4,2587.1,3136.9,2709.7,2637.8,2483.1,2548.4,2900.9,2631.8,2868.1,2759.6,2654.3,2581.3,2541.8,2495.6,2813.6,2893.5,2628.1,2463.5,2347.4,2500.5,2682.4,2881.7,2654.5,2654,2360.5,2264.2,2598.7,2900.4,2735.7,2859.1,2739.9,2823.5,2888.7,2889.3,2937.1,2952.2,2651.7,2955.1,3168,2847.5,3003.8,2936.2,2764.1,2758.1,3385.9,2941.3,3049,2633.6,2625,2733.4,2520.5,2690.9,2929.6,2849.6,2697.5,2757.2,2751.6,2824.8,2862.9,2973.8,2871.9,2861.4,3183.3,3252.1,2779.4,3046.6,3016.9,2677.3,3178.5,3286.3,3191.6,2999.6,2927,2580.2,2549.8,2861.1,2300.6,2793.4,2994.1,2841.7,2675.3,3000.3,3123.1,3224.9,3118.2,3056.3,2538.4,3262,2684.5,3056.7,2895.4,3217.9,3114.2,2738.1,2541.2,2892.6,2897,3062,2951.9,2708.1,2389.5,2628.2,3162.6,2870.2,3263,3065.4,2575.4,2303.1,2487.3,2535.3,2979.7,3008.6,3366.1,2640.6,3004.9,3281.3,2617.5,3207.3,3176.7,2268.1,2726.3,3303.5,3239.2,2825.8,3265.9,2367.8,2380.3,2696.2,2719.5,2716.7,2798.4,3056.1,3011.5,2350.2,2620.3,2555.6,2574.3,3174.6,3213.5,2785,2486.3,2490.6,2635.8,2644.3,2719.9,3220.2,3108,2680.9,2659.3,2735.6,2560.2,2348.4,2998.7,2790.9,2695.7,2784.8,2584.6,2592.8,3316.7,2795.2,3150.1,3045.8,2983.9,3222.8,3357.2,3015.6,3147.2,2408.1,2740.3,3247.4,2337.8,2950.3,3295.6,3063.2,3259.5,3193.2,3220.4,2810.2,3057.9,3348.3,2813.8,2913.5,2942.5,3197.3,3217.5,2786.8,3220,3379.9,2819.4,2786.1,2914.1,2786.9,2751.8,2809.3,2697.9,2672.8,2893.1,2921.3,2896.9,2877,2814.2,2844.9,2847,3100.3,2485.3,2746.3,2929.1,3270.3,2799.8,2929.4,2508.6,2500.8,2806.5,2593.5,2598.5,3241.5,2712.8,2510.5,2819.2,3124.2,2734.1,2892.8,2817.8,2762.6,2842.8,2748.1,3292.2,2663.6,2660.8,2729.1,2498.9,2772,2931.7,2884.8,2401.1,2652.2,2971.2,2412.9,2505.8,2759.3,2693.3,2723.1,2763.3,3475.9,2626.7,2806.1,2744,2788.6,2891.2,2599.4,3523.8,2620.2,2603.2,2334.5,2610.2,2711.2,2452,3232.9,2976.3,2626,2515.3,2305.3,3035.9,2778.3,2808.2,2894.4,2574.6,2569.3,2554.6,2578.6,2655.5,3335.2,2647.8,2256.9,2823.6,2408.1,2602.8,3269,2388.7,3270.2,3336.9,2474.3,2794,3169.1,3113.9,2777.5,2521.4,3233.7,2843.6,2765.4,2582.7,2139.3,2736.1,2310.8,2529.8,2920.8,3268.8,3366,2622.6,2511.4,2902.1,2681.5,2643.9,2662.7,2245.5,1804.5,2743.5,2280.4,2365.7,3108.3,1913.8,2152.1,2669.6,3100.9,2947.1,3220.8,2171.4,2252.2,3224.3,2402.7,2398.4,1941.3,2093,2207.5,2889.3,2281.3,2719,2950.3,2630.9,2874.3,2861.9,3351.8,2749.9,2621.6,2472.8,2676.4,3272.9,2550.2,2733.1,2488.4,2507.3,2432.7,2741.2,2234.3,2397.9,2510.1,2855.8,2459.5,2147.5,1840.5,2739.4,2931.1,2355.5,2202.8,2634,2391.9,3482.6,2382.5,2462,2472.8,3088.5,2653.5,3517.1,2558,2439,2588.1,2547.8,3192,3314.3,3376,3457.5,2362.2,2456.4,3561,2656.8,2559.3,3014.5,3213.2,3202.7,2534.4,2559.6,2813.7,2892.7,2782.2,2225.3,2574.1,2214.9,2670.3,2459.4,2200.6,2207.8,3032.5,3231.1,2723.1,3265.1,2211.9,3711.1,2704.2,3051.8,2912.9,2842.2,3060.9,1817,2841.6,2763.2,2597.6,2753.2,2919.7,3014.7,3143.8,2966.5,2980.5,3273.6,3064.4,2863.1,3257.9,2818.2,2707.3,2504.9,2641.1,2790,2857.1,2965.2,3159.8,2997,3098.9,3071.5,2898.4,2420.4,2289.3,2505.9,3057.1,2828.3,3620.2,2395.1,2325.3,2385.3,2599,2703.1,2971.1,2622.4,2770,3042.4,2626.4,2637.3,2865.3,2847.8,2268.8,2521.5,2980.1
4000,0,3506.3,0,2973.1,2847.4,4000,4000,3419.2,3307.5,4000,3361.1,4000,3414.3,4000,3550,4000,3247.6,3269.9,0,3344.8,3223.9,3461.7,4000,3197.3,4000,3254.9,0,4000,3397.7,3538.5,4000,3190.7,0,4000,4000,3390.7,3189.3,0,3360.3,4000,4000,4000,4000,3574.5,3562.7,4000,4000,3304.8,4000,4000,3403.9,4000,4000,4000,4000,3486.6,4000,0,3140.7,4000,3288,4000,4000,4000,3200.7,3521,3609.2,4000,4000,4000,4000,4000,3262.3,3174.1,3799,4000,4000,3193.4,3199.1,3442.8,3346.1,2985.4,4000,4000,3584,3078.5,0,4000,3390,3580.4,4000,3556.7,4000,3030.2,3262.1,4000,4000,4000,3359.8,3078.1,4000,4000,4000,3636.2,3299.8,4000,3592.1,4000,2853.5,0,4000,3350.3,4000,0,4000,3411.7,4000,4000,3444.8,3314.6,3164.4,3678.7,4000,3395.9,3001.8,3528.6,3450.2,3653.7,4000,3168.8,4000,3368.3,3187.3,3591.9,3607.1,3469.7,3405.2,3579.7,3604.4,3532.6,3548.8,3532.2,3287.1,3565.4,3519.5,3165.8,3389.6,4000,3563.7,3501.6,4000,3687.3,3480.1,3218.6,3335.6,4000,3642.9,3487.9,3239,3420.1,3156.3,3215.2,3676.6,3519.5,3666.5,3387.2,3792.3,3577.2,3496.6,4000,4000,3714.4,3531.3,3553,3394.5,3795.7,3538.9,3504,4000,3312.4,3204.1,3404.7,4000,3720,4000,3169.6,4000,3748.5,4000,3293.9,3390.9,3731.1,3556.1,3365.8,3208.5,4000,3712.4,4000,4000,4000,3476.7,3577.8,4000,3747.7,3970.6,3280.9,4000,3450.8,4000,3255.6,3448.6,4000,4000,3517.8,3789.8,3563.8,4000,3295.5,3080.3,3604.9,3431.3,3549.1,4000,3431,4000,3588,4000,4000,4000,3510.7,3336.5,4000,4000,3186.4,4000,3362.3,3014,2984.8,3235,3447.1,3385.8,3507.8,3119.9,2782.6,2288.7,4000,3050,4000,4000,2736.5,3208,3195.4,3073.4,3119.2,4000,2944.7,3249.1,3429.7,3162.3,3204.3,3469.7,3899.4,2898.5,3325.4,4000,4000,3120.3,3224.8,4000,4000,4000,4000,4000,3123.8,3350.8,0,0,4000,0,0,4000,0,4000,4000,4000,3053.8,3126.8,2879,3093.5,4000,0,0,2678.3,2182.9,3184.1,2828.5,0,2992,2765.9,2345.1,4000,3076.3,2817.6,2826.9,2785.8,2647.4,2781,2724.2,2927.4,2838.3,2813.4,2795.5,2851.3,2872.9,0,2836.8,2856.9,2768.1,2463.9,2471.6,0,2776.9,2709.4,2823.6,2816.1,2928.3,4000,2946.1,2822,2926.7,2924.5,2802.3,2873.4,2900.1,2919.4,2908.5,2899.2,3036,3172.4,3175.9,3061.5,2973,3307.3,3209.2,0,3232,3298.3,3231.3,3518.2,3255.2,3275.3,3277.3,3378.7,3104,3407.9,3560.9,4000,3391.2,3428.2,3353.6,3411.6,3031.5,2998.2,3396.8,3424.7,3586.6,3490.9,2986.7,3516.4,3438.9,3425.9,3603.2,3425.9,3391.5,3437,3461.6,3432.3,3647.6,3341.2,3286.4,3264.3,3309.6,3449.8,3566,3628.6,3589.9,4000,3223,3458.7,3501.2,3341.8,3566.9,3464.9,4000,4000,3519.5,3823.1,3500.7,3400.9,3390.2,3385.4,3418,3378.3,3409.1,3356.5,3456.1,3463.1,3461.8,3496,3443.2,3212.5,4000,4000,3413.3,3474,4000,3251.2,4000,4000,4000,3482.7,3594.7,3231.5,3311.3,3364.4,3327.1,3386.4,3458.7,3342.9,3219.2,4000,4000,4000,3442.9,3495,3225,3406.5,3685.5,3555.4,3387.9,3272.5,3116.8,3430.1,3641.7,4000,4000,3352.6,4000,3393.1,4000,4000,4000,3580.6,3744.7,4000,4000,3572.1,3508.4,3518.6,3359.1,3479.1,4000,3525.3,3199.5,4000,3140.4,4000,4000,3151,3381,4000,4000,3624.6,3405.8,3220.8,3412.8,3476.1,3422.9,3322.2,3364.2,3265.8,4000,3462.6,3309.7,3374.1,3588.8,3456.6,3251.6,3143.1,3282.6,3193.1,3603.7,3275.9,3179.5,3279.4,4000,3271.6,3357.1,3414.4,3388,3320.5,3289.7,3178.3,3363.4,4000,3381.1,3452.5,4000,3243.5,3325.5,4000,4000,4000,4000,4000,3252.7,3505.6,4000,4000,3433.6,4000,4000,3532.6,4000,4000,4000,3298.7,4000,4000,4000,3206.8,4000,4000,4000,3188.6,4000,4000,3285.8,4000,3470,3325.8,3229.7,3215.9,3181,3155.5,3241.4,3254.6,3348.9,3363.9,4000,3600.7,3284.7,4000,3484.3,3176.7,3324.5,0,3153.5,2970.5,3095.5,3227.7,3365.6,3503.8,3501.3,4000,3203.5,3257.9,3398.8,3479.5,3642.9,3489.9,3115,3562.7,3464.3,3358.5,0,3098.2,3417.8,3408.4,3221.8,3389.4,3197.2,3331.3,3387.9,3128.7,0,3134,3221.3,3544.8,3571.3,3384.2,3332.7,0,3493.8,4000,3615.2,3428.8,3436.4,3498.6,0,3364.2,3588,3534.7,3306.7,3173.3,3300.6,0,0,3117.2,3269.9,3366.7,0,3197.5,3374.1,4000,3163.8,3256,3251.7,3185.4,2928.5,0,3095,3173.4,4000,3183.4,3241.7,0,3415.3,4000,4000,3269.4,3455.3,4000,3390.8,3140.9,3285.4,4000,3638.2,3253.4,3337.7,3142.7,4000,3222.6,3224.4,4000,0,0,3498.1,3207.1,3477.7,3167.5,3193,3480.7,3671,3186.8,3191.6,3670.7,3531.5,4000,3394.7,3515.3,3066.7,3146,3189.3,3263.3,3564.7,3404.1,4000,3548.1,3888.6,3124.4,3704.5,3698.3,4000,3627.4,4000,4000,3488.7,4000,4000,4000,4000,3629.1,4000,4000,0,3611.1,4000,4000,4000,3466.9,4000,3533,3487.3,3234.5,2983.5,4000,3524.1,3763.9,3438,4000,3762.4,3451.6,3647.1,3578.1,0,4000,3892.2,3040,4000,3199.8,0,3053.6,3466.4,3119.8,3320.6,0,0,0,4000,3628.2,3280.6,0,3079.8,3515.2,4000,4000,0,3273.4,3750.6,4000,0,3244.7,3255.8,3287.5,3669.4,3522.7,3202.6,3325.1,3348.4,4000,0,3569,4000,3587.5,0,3094.7,4000,4000,4000,4000,3295.4,3420.5,2790.1,3417.5,4000,4000,4000,4000,4000,4000,4000,4000,3440.8,0,3026.1,3227.9,2964.7,3264.5,4000,4000,4000,4000,4000,4000,4000,4000,3368.8,3311.5,3256.6,0,4000,0,3436,3324.2,3890.3,4000,4000,4000,4000,3666.8,4000,3744,4000,4000,4000,3323.7,4000,4000
0,0,0,0,0,0,0,0,0,0,0,0,0,0,0,0,0,0,0,0,0,0,0,0,0,0,0,0,0,0,0,0,0,0,0,0,0,0,0,0,0,0,0,0,0,0,0,0,0,0,0,0,0,0,0,0,0,0,0,0,0,0,0,0,0,0,0,0,0,0,4000,0,0,0,0,0,0,4000,0,0,0,0,0,0,0,0,0,0,0,0,0,0,0,4000,0,0,0,0,0,0,0,4000,0,0,0,0,4000,0,0,0,0,0,0,0,0,0,0,0,0,0,0,0,0,4000,0,0,0,0,0,4000,0,4000,0,0,0,0,0,0,0,0,0,0,0,0,0,0,0,0,0,0,0,4000,0,0,0,0,4000,0,0,0,0,0,0,0,0,0,0,0,0,0,4000,0,0,0,0,0,0,0,0,0,0,0,0,4000,0,4000,0,0,0,4000,0,0,0,0,0,0,0,0,4000,0,0,0,0,4000,0,0,0,0,0,4000,0,0,0,0,0,0,0,0,0,0,0,0,0,4000,0,4000,0,0,0,4000,0,0,0,0,0,0,0,0,0,0,0,0,0,0,0,0,4000,0,4000,0,0,0,0,0,0,0,0,0,0,0,0,0,0,0,0,0,4000,0,0,0,0,0,0,0,0,0,0,0,0,0,0,0,0,0,0,0,0,0,0,0,0,0,0,0,0,0,0,0,0,0,0,0,0,0,0,0,0,0,0,0,0,0,0,0,0,0,0,0,0,0,0,0,0,0,0,0,0,0,0,0,0,0,0,0,0,0,0,0,0,0,0,0,0,0,0,0,0,0,0,0,0,0,0,0,0,0,0,4000,0,0,0,0,0,0,0,0,0,0,0,0,0,0,0,0,0,0,0,0,0,0,0,0,0,0,0,0,0,4000,0,0,0,0,0,0,0,4000,0,0,0,0,0,0,0,0,0,0,0,0,0,0,0,0,0,0,0,0,4000,0,4000,4000,0,0,0,0,0,0,0,0,0,0,0,0,0,4000,0,0,0,0,0,0,0,0,0,0,0,0,4000,0,4000,0,4000,0,0,0,0,0,4000,0,0,0,0,0,0,0,0,0,0,4000,4000,0,0,0,0,0,0,0,0,0,0,0,0,0,0,0,0,0,0,0,0,0,0,0,0,0,0,0,0,0,0,0,0,0,0,0,0,4000,0,0,0,0,0,0,0,4000,0,4000,0,0,0,0,0,0,0,0,4000,0,0,0,0,0,4000,0,0,0,0,0,0,0,0,4000,0,0,0,0,0,0,0,0,0,0,4000,0,0,0,0,0,0,0,0,0,0,0,0,0,0,4000,0,0,0,0,0,0,0,0,0,0,0,0,0,0,0,0,0,0,0,0,0,0,0,0,0,0,0,0,0,4000,0,0,0,0,0,0,0,0,0,0,0,0,0,0,0,0,0,0,0,0,0,0,0,0,0,0,0,0,0,0,0,0,0,0,0,0,0,0,0,0,0,0,0,0,0,0,0,0,0,0,0,0,0,0,0,0,0,0,0,0,0,0,0,0,0,0,0,0,0,0,0,0,0,0,0,0,0,0,0,0,0,0,0,0,0,0,0,0,4000,0,0,0,4000,0,0,0,0,0,0,0,0,4000,0,0,0,0,0,0,0,0,0,4000,0,0,0,0,0,0,0,0,0,0,0,0,0,0,0,0,0,0,0,4000,0,0,0,0,0,0,0,0,0,0,0,0,0,0,0,0,0,0,0,0,0,0,0,0,0,0,0,0,0,0,0,0,0,0,0,0,0,0,0,0,0,0,0,4000,0,0,0,0,4000,4000,0,0,0,0,0,0,0,0,0,0,0,0,0,0,0,0,4000,0,0,0,4000,0
0.00040406,0.00028364,0.0001425,0.00020432,0.00021424,0.00039355,0.00032834,0.00025877,0.00073061,0.0019978,0.00068908,0.00060852,0.00088728,0.00057297,0.00046567,0.00013249,0.0014054,0.00039312,0.00064643,0.0010669,0.00045183,0.00074847,0.00029559,0.00083134,0.00084689,0.00080769,0.00069778,0.00088067,0.00073828,0.00039845,0.00053389,0.00045757,0.00029219,0.00014579,0.00027913,0.00069822,0.00063482,0.00027812,0.00091576,0.00015315,0.00072999,0.00027206,0.00064776,0.00022631,0.00033769,0.00012886,0.00019602,0.00016217,0.00031561,9.0289e-05,0.00044646,0.00029297,0.00016799,0.00035565,0.00045343,0.00041991,0.00024804,0.00027438,0.00024823,0.00010264,0.00015643,0.00035609,0.00022519,0.00034312,9.523e-05,0.00026817,0.00065634,0.00029869,0.00026436,0.00010586,0.00026098,0.00020535,0.00038358,0.00024417,0.00017935,0.00025146,0.00032137,0.00027722,0.00043097,0.00032357,0.00030072,0.00034223,0.00011661,6.9018e-05,0.00014883,9.8621e-05,0.00014582,0.00026536,0.0001777,0.00024734,0.0004264,0.0002634,0.00019655,0.00021451,0.00029139,0.00045581,0.00031643,0.00017946,0.00017112,0.00049293,0.00032396,0.00025473,0.00037635,0.00020154,0.00028316,0.00024859,0.00055718,0.00028849,0.00017387,0.00039071,0.00051776,0.00024837,0.00014439,0.00061513,0.00043686,0.00038748,0.00021827,0.0016764,0.00071636,0.001201,0.00038277,0.00026108,0.00037579,0.00079096,0.0016785,0.00035639,0.0021773,0.0014437,0.0026443,0.000685,0.0029586,0.001684,0.0010979,0.0029281,0.001159,0.0038265,0.0028027,0.0029185,0.0045085,0.0020551,0.0014517,0.0030533,0.00613,0.0013813,0.0065849,0.010802,0.0038265,0.0038103,0.0030141,0.0034708,0.0050319,0.0063177,0.018559,0.014274,0.0068629,0.0052248,0.0039234,0.012296,0.015714,0.0037532,0.0098534,0.0021078,0.009904,0.013055,0.0027708,0.018364,0.012443,0.0020486,0.0047203,0.016609,0.0073617,0.0054111,0.0013684,0.013767,0.014946,0.016569,0.0095644,0.0063548,0.011031,0.0041026,0.0093964,0.0087171,0.01319,0.010936,0.0068876,0.01381,0.011219,0.003278,0.004145,0.010398,0.014953,0.015271,0.0075797,0.0077444,0.0088622,0.01188,0.0045671,0.0049226,0.008168,0.012756,0.01107,0.0050869,0.010811,0.015545,0.012792,0.018664,0.035002,0.045538,0.042295,0.022551,0.058445,0.01427,0.014298,0.045849,0.017702,0.011153,0.01056,0.010462,0.0067312,0.030266,0.043227,0.025868,0.012096,0.009895,0.0035157,0.024555,0.0056092,0.042269,0.050989,0.040425,0.022871,0.043961,0.01803,0.029417,0.024668,0.013899,0.012404,0.047334,0.040132,0.04983,0.042183,0.033881,0.060426,0.035475,0.036421,0.041502,0.048619,0.052928,0.034759,0.027028,0.034141,0.053915,0.031704,0.005445,0.084724,0.032755,0.034809,0.027059,0.023917,0.031637,0.030229,0.033438,0.056983,0.022974,0.023561,0.018461,0.027612,0.016693,0.031651,0.050825,0.048725,0.051024,0.051227,0.037137,0.013563,0.017456,0.025646,0.024795,0.019865,0.026652,0.043125,0.014616,0.029242,0.052543,0.060881,0.072601,0.030097,0.034,0.016695,0.024772,0.028855,0.028104,0.051243,0.043222,0.02885,0.037234,0.0083421,0.031883,0.037666,0.048331,0.020952,0.011465,0.017129,0.0099692,0.053948,0.06489,0.045501,0.026267,0.034083,0.018118,0.049979,0.060097,0.044764,0.033179,0.042715,0.049893,0.064315,0.081728,0.052527,0.025509,0.038434,0.025964,0.040582,0.063529,0.058698,0.05734,0.084629,0.047784,0.069816,0.10995,0.093796,0.05847,0.13692,0.026404,0.11821,0.15288,0.15303,0.14544,0.14048,0.12463,0.19581,0.21131,0.26189,0.22184,0.15543,0.18352,0.30941,0.29718,0.36368,0.26222,0.18723,0.11992,0.25829,0.33679,0.33444,0.2976,0.34237,0.13287,0.25128,0.3636,0.26548,0.281,0.2643,0.218,0.27315,0.50795,0.40205,0.34253,0.18462,0.28976,0.13528,0.45891,0.40645,0.38763,0.29618,0.25139,0.083157,0.54507,0.4377,0.42842,0.35524,0.23354,0.094579,0.48793,0.53786,0.35451,0.33857,0.29462,0.23709,0.43651,0.67385,0.46848,0.33651,0.38352,0.21142,0.21235,0.58117,0.3821,0.31893,0.33605,0.33403,0.13484,0.64076,0.43003,0.31528,0.3493,0.36119,0.17068,0.41414,0.52944,0.3815,0.24256,0.23227,0.13481,0.20473,0.58931,0.25648,0.29563,0.29254,0.25118,0.028783,0.59417,0.44283,0.31239,0.2441,0.2177,0.19196,0.34087,0.53543,0.35172,0.27841,0.058655,0.087884,0.092281,0.58032,0.32063,0.17691,0.11355,0.2058,0.22759,0.37714,0.44147,0.28829,0.23055,0.23979,0.14912,0.10715,0.5004,0.33446,0.19658,0.16989,0.070674,0.10715,0.27711,0.44005,0.14091,0.11957,0.15308,0.16823,0.13086,0.41249,0.39747,0.17231,0.20094,0.16628,0.046512,0.059258,0.28913,0.18136,0.10678,0.15512,0.096879,0.075126,0.16235,0.32287,0.1944,0.21476,0.20781,0.16936,0.12172,0.17124,0.33776,0.14713,0.21497,0.16315,0.15579,0.11529,0.17271,0.37945,0.25419,0.18152,0.14463,0.13113,0.057379,0.17881,0.36051,0.15446,0.17367,0.16213,0.12831,0.079558,0.13254,0.30221,0.17238,0.15591,0.12171,0.11523,0.046843,0.046251,0.27975,0.19224,0.10972,0.063503,0.10786,0.036343,0.050532,0.17038,0.16145,0.074691,0.042963,0.080442,0.029624,0.024211,0.13239,0.16213,0.042892,0.046165,0.12256,0.028684,0.017073,0.081078,0.1598,0.040637,0.033962,0.040738,0.043814,0.028361,0.032715,0.12749,0.077976,0.039602,0.06051,0.028275,0.045767,0.061643,0.068587,0.081842,0.068583,0.066344,0.040124,0.037157,0.040881,0.036552,0.018437,0.046098,0.045675,0.019241,0.0079917,0.038351,0.016187,0.054837,0.039039,0.05258,0.042689,0.022017,0.032163,0.033508,0.037498,0.0092414,0.0055797,0.01811,0.024295,0.011607,0.011406,0.043015,0.019654,0.036614,0.016587,0.0085715,0.0121,0.011063,0.017513,0.020214,0.020524,0.0079642,0.015069,0.011901,0.0064899,0.0071787,0.027782,0.027729,0.012048,0.011301,0.022351,0.025967,0.030298,0.0087945,0.0043543,0.0065682,0.0077884,0.010399,0.014864,0.0080935,0.0060132,0.0086411,0.0059648,0.0084554,0.0064739,0.010547,0.0053054,0.0066692,0.0033762,0.0096462,0.0035433,0.003265,0.0031126,0.0060496,0.0022799,0.0040241,0.0028256,0.0046253,0.0051141,0.0010936,0.0014458,0.0052015,0.0018835,0.00095636,0.0030126,0.0012341,0.0029557,0.0026479,0.0012132,0.0020591,0.00079461,0.0012094,0.0015342,0.001236,0.0015502,0.0020513,0.0012906,0.0011848,0.00096529,0.0011178,0.0017112,0.0016831,0.00067925,0.0010701,0.00089966,0.0010113,0.00084723,0.001603,0.00045503,0.0011465,0.0004714,0.00026055,0.00035962,0.00057,0.0004603,0.00040635,0.00056356,0.00029239,0.00052945,0.000773,0.00077139,0.0005173,0.00033636,0.00071101,0.00039342,0.0008594,0.00035945,0.00031027,0.00010477,0.00068335,0.00045907,0.00024949,0.00027516,0.00021751,0.00023257,0.00052464,0.00043507,0.0002444,0.00042651,0.00024555,0.0002279,0.00016971,0.00038544,0.00055018,0.0002656,0.00043888,0.00023139,0.00014367,0.0001905,0.00010336,0.00043113,0.00022861,0.00023961,0.00026933,0.00015999,0.00049166,0.00051037,0.00049547,0.00028996,0.00026523,0.00088321,0.0002765,0.00038372,0.00048808,0.00040404,0.0003591,0.0004961,0.00035962,0.00048791,0.00058845,0.00038602,0.00042149,0.00035526,0.00011695,0.00064265,8.5851e-05,0.00050441,0.00044095,0.00026386,0.00038535,0.00024709,0.00040376,0.00031452,0.00014541,0.00058002,0.00049973,0.0004911,0.00033812,0.00022695,0.00067032,0.0006878,0.00057531,0.00047762,0.00048198,0.00038678,0.00036225,0.00010328,0.0003854,0.00014505,0.0002645,0.00056347,0.0002722,0.00019235,0.00020767,0.00047187,0.00046166,0.00043185,0.0004158,0.00020094,0.00017002,0.00014231,0.00041027,0.00049387,0.00031216,0.00046473,0.0001931,0.00029769,0.00031955,0.00067069,0.00055159,0.00031474,0.00059277,0.00038843,0.00029003,0.00026591,0.00031718,0.00033368,0.00048509,0.00049648,0.00010963,0.0003504,0.00044138,0.00048957,0.00053883,0.00087628,0.00056403,0.00014675,0.0001888,0.00065614,0.0003605,0.00025448,0.00053813,0.00036733,0.00028777,0.00056946,0.0001348,0.00056458,0.00041845,0.00031554,0.0003748,0.00041168,0.00020178,0.00010168,0.00015384,0.00046703,0.00038255,0.00033241
0.0003311,0.00042858,0.00012808,0.00022738,0.00041953,0.0001826,0.00036877,0.00040876,0.00086111,0.0018636,0.00023891,0.0012575,0.00075001,0.00042002,0.00043854,0.00044861,0.0014242,0.0006577,0.00079598,0.00035649,0.00076781,0.0011266,0.00063778,0.00080999,0.00046935,0.00034155,0.00031656,0.00016963,0.00032375,0.00031827,0.00018286,0.00020731,0.00051676,0.00035719,0.00016632,0.00012687,0.00037755,0.00039728,0.0002254,0.00034458,0.00049968,0.0004354,0.00019428,0.00054898,0.00029503,0.00031873,0.00014117,0.00061392,0.0005469,0.00067045,6.6206e-05,0.00024831,0.00021802,0.00041744,0.00046645,0.00031152,0.00020904,8.3653e-05,0.00028566,0.00024617,0.00018475,0.00023866,0.00021243,0.00016558,0.00016943,0.00016818,0.00038008,0.00039235,0.00041504,0.00017175,8.7571e-05,8.2155e-05,0.00035193,0.00046693,0.0001588,0.00013886,0.0002388,0.00011668,0.00018759,0.00018107,0.00010635,0.0001813,0.00027085,0.00031037,0.00017952,0.00016088,0.00025551,0.00031701,0.00028389,0.00053834,0.00047797,0.00037377,7.6024e-05,0.00010937,0.00056476,9.5507e-05,0.00019441,0.0001299,0.00055927,0.00054471,0.0002955,0.00047918,0.00011721,0.00023227,0.00031546,0.00023252,0.0005525,0.0002127,0.00017789,0.000174,0.000126,0.0002837,0.00043026,0.00058798,0.00017809,0.00028192,0.00046103,0.00053292,0.00066233,0.0010276,0.0021134,0.00087663,0.00074457,0.002042,0.0012139,0.00075058,0.0020992,0.0019549,0.001061,0.0013812,0.0011655,0.0029827,0.0011407,0.0016658,0.0030351,0.0023474,0.0018873,0.0053118,0.0044605,0.0030934,0.0041797,0.0013845,0.0028582,0.0029445,0.0054855,0.006947,0.0024142,0.005969,0.0056166,0.0029177,0.0022647,0.0011426,0.0061971,0.0057188,0.0022235,0.0020134,0.0041388,0.0028337,0.011443,0.003633,0.0076236,0.0033581,0.0020285,0.0041359,0.0022066,0.0090439,0.0072127,0.0020084,0.0064333,0.012339,0.0071397,0.0053517,0.0086268,0.0027614,0.0071278,0.0079921,0.0080068,0.0034397,0.00952,0.0026849,0.0072319,0.0056942,0.010565,0.0039054,0.017037,0.0049368,0.011492,0.0034988,0.0039586,0.0034079,0.0068834,0.0081906,0.0057066,0.0040621,0.010327,0.0074533,0.0013901,0.0014287,0.0034298,0.011006,0.0068347,0.016312,0.0049957,0.0045124,0.0045656,0.0035569,0.045049,0.043321,0.028212,0.0096269,0.053153,0.016692,0.02487,0.032371,0.014361,0.015439,0.010698,0.011573,0.011966,0.015275,0.046945,0.010987,0.06232,0.032017,0.019722,0.014542,0.041578,0.05877,0.022892,0.02297,0.062889,0.043491,0.010795,0.020067,0.018512,0.03983,0.020883,0.022362,0.039147,0.047727,0.011535,0.06337,0.02865,0.051597,0.043777,0.047923,0.063577,0.093741,0.10425,0.07309,0.041145,0.064548,0.083576,0.061796,0.091122,0.014241,0.039131,0.046436,0.076939,0.050079,0.072455,0.054207,0.052434,0.044153,0.010701,0.01542,0.022047,0.032544,0.052148,0.05026,0.032758,0.031273,0.020653,0.034502,0.040879,0.04395,0.0067622,0.016664,0.013187,0.038157,0.024019,0.052411,0.01997,0.042955,0.046839,0.034348,0.10724,0.099584,0.044538,0.046174,0.013315,0.024146,0.0073141,0.036066,0.019041,0.02933,0.028862,0.025549,0.061338,0.056411,0.023515,0.040009,0.020176,0.024561,0.081285,0.060149,0.048461,0.022079,0.01866,0.0197,0.062305,0.085042,0.061141,0.047383,0.019775,0.010593,0.087358,0.087639,0.055436,0.022759,0.029819,0.027416,0.11371,0.16003,0.082033,0.087158,0.015942,0.084489,0.087783,0.21567,0.091975,0.13487,0.11397,0.014636,0.27095,0.47358,0.2724,0.2216,0.090018,0.16294,0.34811,0.57332,0.27344,0.33363,0.36453,0.053546,0.45743,0.73576,0.38736,0.24602,0.33036,0.16682,0.40048,0.9168,0.36427,0.37503,0.23905,0.10987,0.38654,0.97329,0.60291,0.40427,0.23074,0.13355,0.33921,0.83982,0.47154,0.2887,0.15316,0.22259,0.28554,0.94594,0.54861,0.42501,0.15169,0.17563,0.092773,0.68563,0.5334,0.40019,0.22806,0.12176,0.111,0.58635,0.38736,0.25966,0.21538,0.17341,0.13784,0.43362,0.46076,0.31206,0.20877,0.24478,0.24558,0.36589,0.89649,0.36881,0.3325,0.33212,0.11132,0.1379,0.57896,0.35808,0.26395,0.27408,0.23941,0.21707,0.37807,0.39003,0.27919,0.11632,0.082108,0.10413,0.20383,0.63816,0.36106,0.18048,0.1742,0.12371,0.14393,0.45237,0.37294,0.16395,0.16764,0.18044,0.038325,0.20571,0.29236,0.21851,0.1105,0.056812,0.039887,0.088978,0.28434,0.21782,0.14063,0.11035,0.10369,0.11605,0.27132,0.28637,0.16971,0.16832,0.093061,0.13615,0.11103,0.28039,0.23115,0.12298,0.0737,0.10283,0.12084,0.12596,0.20447,0.20712,0.079432,0.033453,0.15002,0.043549,0.12629,0.11911,0.152,0.082841,0.076366,0.11346,0.023632,0.12951,0.15359,0.010357,0.07027,0.038838,0.048068,0.095696,0.27624,0.16565,0.058179,0.12768,0.16341,0.09968,0.14228,0.23192,0.18506,0.060259,0.12619,0.1193,0.10997,0.13921,0.084069,0.10455,0.12423,0.075081,0.079018,0.049083,0.088869,0.25992,0.24612,0.11309,0.10507,0.1374,0.064968,0.063601,0.19485,0.13579,0.097204,0.062052,0.058739,0.060343,0.065243,0.098769,0.085501,0.091401,0.10688,0.071829,0.082286,0.073533,0.11851,0.10069,0.069341,0.091504,0.047117,0.04385,0.017862,0.061637,0.083992,0.071441,0.078435,0.02298,0.036352,0.023806,0.036143,0.055632,0.06274,0.053841,0.036069,0.0047066,0.019353,0.031044,0.037716,0.045078,0.08258,0.053852,0.030658,0.011885,0.03783,0.064116,0.080552,0.079546,0.037402,0.023677,0.020242,0.033583,0.011119,0.019832,0.0069372,0.016035,0.029264,0.0048534,0.013115,0.022489,0.028481,0.032171,0.046303,0.033379,0.030908,0.025982,0.013537,0.030282,0.048004,0.031454,0.032732,0.012827,0.0094779,0.013681,0.024948,0.047073,0.0073576,0.028715,0.016668,0.028807,0.023992,0.01706,0.015717,0.017977,0.0020286,0.007751,0.012331,0.024259,0.014732,0.016667,0.032668,0.028718,0.0067682,0.016035,0.024109,0.011081,0.021659,0.010148,0.0096133,0.0066624,0.0066766,0.020276,0.008384,0.013689,0.030029,0.014456,0.0091537,0.010246,0.0032762,0.012659,0.011372,0.011491,0.004466,0.0083469,0.0019189,0.0021766,0.007768,0.0048407,0.0046021,0.0047697,0.0055521,0.0039663,0.0052727,0.0046072,0.0034695,0.0044783,0.0034796,0.0018032,0.0042669,0.001603,0.0020938,0.0016302,0.0014938,0.0022868,0.0023046,0.0010483,0.0023032,0.0018951,0.0017674,0.002007,0.00077268,0.00096542,0.0017148,0.0014363,0.00057037,0.0011022,0.0023007,0.0014815,0.00083696,0.00044652,0.00060637,0.00046255,0.0013261,0.00061152,0.00024084,0.0002353,0.00083526,0.00045725,0.00077369,0.00039739,0.00023219,0.00028849,0.00055427,0.00035616,0.00082793,0.0008501,0.0011478,0.0003356,0.00037407,0.00038796,0.00050215,0.00025045,0.00013065,0.00012347,0.00023643,0.00051707,0.00057522,0.00054452,0.0004672,0.00026853,0.00035207,0.00029693,0.00021024,0.00032459,0.00028739,0.00022284,0.00048077,0.00031421,0.00043874,0.00012635,0.00031919,0.00029172,0.00014832,0.00024653,0.00044287,0.00030932,0.00027275,0.00031734,0.00048162,0.00010815,0.00023592,0.00020032,0.00041819,0.00030332,0.00088823,0.00023522,0.00041215,0.00052333,0.00040101,0.00058592,0.00041877,0.00026109,0.000303,0.00047679,0.00041712,0.00014059,0.00036174,0.00057524,0.00040927,0.00044769,0.00063002,0.00045802,0.00048846,0.00022093,0.0002899,0.00044479,0.00011635,0.00031012,0.00042331,0.00032326,0.00024718,0.0004232,0.00036934,0.00077355,0.00023421,0.0003538,0.00026508,0.0004384,0.00027283,0.00028575,9.9331e-05,0.00029968,0.00029675,0.00043631,0.00042965,7.0596e-05,0.00012104,0.00038546,0.00028012,0.00024114,0.00045888,0.00042475,0.00035121,0.00048446,0.00057542,0.00020397,0.00054778,0.0002943,0.00058729,0.00024783,0.00068646,0.00028837,0.0003705,0.0004352,0.00023163,0.00042772,0.00036442,0.00011309,0.00015047,0.00022733,0.00018033,0.00025597,0.00033727,0.00042789,0.00027034,0.00041292,0.0010354,0.00022308,0.00032458,0.00034185,0.00048217,0.00021019,8.4755e-05,0.00028116,0.00028835,0.00024651,0.00032017,0.00013379,0.00053957,0.00049014,0.0002218,0.00024402,0.00014043,0.00048862,0.00058953,0.00029507,0.00013143,0.00034452,0.00021295,0.0006643
0.00037708,0.00021662,0.0001391,0.00017707,9.663e-05,0.00019914,0.00020825,0.00029255,0.00047294,0.00075739,0.00055667,0.00072761,0.0015508,0.00085451,0.00047749,0.00068788,0.0012994,0.00028389,0.0008244,0.0011261,0.00015435,0.00066172,0.00064087,0.00015795,0.0002001,0.00053975,0.00017417,0.0010339,0.00079886,0.00050109,0.00024045,0.00078152,0.00012445,0.00028533,0.00050045,0.00060145,0.00039552,0.00014009,0.00085209,0.00010273,0.00046379,0.00073108,0.00042986,0.00077727,0.00013542,0.00018881,0.00051563,0.00083877,0.00025685,0.00023324,0.00045041,0.00055417,0.00038849,0.00038196,0.00040371,0.00054782,9.9906e-05,0.00025747,0.00033391,0.00025727,0.00010298,0.00017685,0.00017118,0.00017879,0.00036038,0.00010018,0.00030719,0.00040761,0.000494,0.00015891,0.00021787,9.4672e-05,0.00030171,0.00050119,0.00029332,0.00022485,0.00023643,0.00065949,0.00028538,0.00029122,0.00015603,0.00048084,0.00023405,0.00045988,0.00014008,0.00029946,0.00031294,0.00057475,0.0005288,0.00037891,0.00023678,0.00056612,0.00027613,0.00017597,0.00010168,0.0003575,7.8009e-05,3.561e-05,0.00025979,0.00027103,0.0002922,0.00035679,0.00046074,0.00034412,0.00026622,0.00019601,0.00035525,0.00055145,0.00029625,0.00029753,0.00019739,0.0004591,0.00019695,0.00044915,0.00079917,0.0011023,0.00022041,0.00093455,0.0012551,0.00022748,0.00084433,0.00018413,0.0018252,0.0008885,0.0014569,0.001601,0.00045118,0.00053058,0.0021354,0.0016916,0.0020205,0.0022072,0.0023117,0.0021853,0.00412,0.003493,0.00067308,0.0039477,0.0036034,0.0026546,0.0042021,0.0029693,0.0025411,0.0024394,0.0046441,0.0065999,0.0016869,0.0038647,0.0047648,0.0024518,0.0082538,0.0089884,0.017669,0.0083174,0.010636,0.0064267,0.0084743,0.0087489,0.012409,0.0073093,0.011958,0.013139,0.008287,0.0034357,0.0037034,0.0058038,0.014192,0.0076207,0.010198,0.012621,0.0053231,0.0083289,0.0030633,0.0053301,0.0081962,0.010198,0.003504,0.0075728,0.0080572,0.0033815,0.010484,0.0052178,0.0056709,0.011737,0.0076942,0.0079635,0.0076683,0.0048102,0.0067046,0.0065892,0.0058066,0.0044261,0.010429,0.0051353,0.0076993,0.0095238,0.0035019,0.0069694,0.0074377,0.0030456,0.010288,0.0092731,0.018202,0.013859,0.0014717,0.008743,0.044428,0.0365,0.047008,0.012799,0.051402,0.028546,0.010823,0.041771,0.013527,0.0069888,0.010903,0.0074502,0.018738,0.0096733,0.044232,0.054513,0.049366,0.042774,0.023823,0.0080242,0.030406,0.043042,0.046831,0.039937,0.025765,0.035768,0.029537,0.03007,0.017141,0.020559,0.022496,0.018202,0.028071,0.039305,0.04025,0.023794,0.073713,0.033402,0.029751,0.012331,0.042295,0.054097,0.11187,0.022639,0.037156,0.060069,0.082876,0.036475,0.06399,0.035305,0.025006,0.045989,0.031503,0.031521,0.062548,0.023458,0.033976,0.02442,0.030927,0.012138,0.0087513,0.027118,0.039532,0.01011,0.017932,0.018242,0.067804,0.02708,0.012268,0.027635,0.0089241,0.014777,0.015351,0.0060517,0.012591,0.027678,0.013917,0.016025,0.017421,0.061337,0.10772,0.10816,0.017121,0.044712,0.012051,0.06332,0.058653,0.040202,0.007643,0.038983,0.0040947,0.0063409,0.058397,0.041718,0.020919,0.017233,0.01725,0.0074017,0.072284,0.085686,0.056427,0.05139,0.032728,0.034432,0.075569,0.09103,0.073321,0.034619,0.026727,0.046634,0.074991,0.10053,0.072271,0.036215,0.033624,0.010418,0.061404,0.14886,0.075593,0.080487,0.068692,0.076008,0.18459,0.23076,0.087383,0.12563,0.10399,0.043157,0.23641,0.50586,0.29912,0.21169,0.079981,0.11702,0.30584,0.49528,0.32256,0.19746,0.083572,0.23382,0.42545,0.42677,0.21178,0.38286,0.17428,0.040029,0.36943,0.54877,0.2372,0.13839,0.11145,0.097498,0.27384,0.65915,0.35196,0.11486,0.12892,0.12342,0.14981,0.81915,0.3616,0.23471,0.14243,0.15473,0.072252,0.75485,0.47257,0.16738,0.097966,0.038051,0.10963,0.67496,0.5979,0.18963,0.11351,0.093166,0.014573,0.56223,0.45845,0.064237,0.070742,0.072577,0.14078,0.35469,0.58373,0.14334,0.14835,0.064457,0.11288,0.30337,0.50648,0.11204,0.073753,0.1479,0.10354,0.15562,0.49729,0.27931,0.1578,0.16088,0.0835,0.046992,0.37807,0.31473,0.1257,0.034603,0.13293,0.13294,0.18784,0.44099,0.2099,0.034065,0.11312,0.1645,0.065929,0.37641,0.19391,0.073578,0.035522,0.018061,0.091469,0.20285,0.22748,0.086123,0.06152,0.076462,0.086048,0.10487,0.1975,0.10248,0.021853,0.12962,0.095143,0.085262,0.1593,0.073225,0.078998,0.061574,0.068012,0.044437,0.089457,0.11396,0.080376,0.048143,0.035147,0.090292,0.060883,0.14637,0.22292,0.12924,0.046782,0.062192,0.017821,0.080528,0.11386,0.057654,0.077596,0.065467,0.013657,0.084338,0.046484,0.19886,0.12076,0.12746,0.01666,0.089945,0.062067,0.068926,0.18972,0.026004,0.069327,0.07145,0.043717,0.028136,0.10543,0.055053,0.057151,0.041801,0.081702,0.041371,0.08867,0.086304,0.062821,0.030554,0.02351,0.060411,0.063774,0.019712,0.035844,0.059621,0.1219,0.018385,0.059607,0.060682,0.043821,0.030194,0.053427,0.020607,0.024081,0.031838,0.017277,0.0059178,0.045409,0.050237,0.078087,0.06144,0.031425,0.06382,0.040405,0.027086,0.017189,0.016701,0.014667,0.028599,0.0096032,0.024985,0.028382,0.039478,0.1016,0.040806,0.035644,0.011461,0.023213,0.034089,0.024259,0.022433,0.023885,0.041712,0.043208,0.013988,0.041101,0.046657,0.030551,0.0344,0.010342,0.03447,0.02971,0.01782,0.033891,0.046573,0.048674,0.029373,0.039199,0.021529,0.017295,0.022122,0.024543,0.013213,0.035187,0.019357,0.0070002,0.012565,0.018328,0.0036654,0.024773,0.019971,0.030748,0.02012,0.016561,0.021502,0.019976,0.035591,0.012966,0.0060369,0.010428,0.016978,0.0095794,0.032393,0.023195,0.03472,0.012961,0.02002,0.014038,0.020264,0.018579,0.013538,0.015141,0.015638,0.0070716,0.0098385,0.013833,0.024232,0.0053406,0.012636,0.011084,0.020694,0.014394,0.020937,0.023026,0.024391,0.01666,0.013317,0.011079,0.0052797,0.011028,0.012623,0.0090385,0.0085299,0.019616,0.0089712,0.0068044,0.0052919,0.0076048,0.0076917,0.0073886,0.0092583,0.0069236,0.0029744,0.0019325,0.0028502,0.0052388,0.0032416,0.002548,0.0033649,0.0025989,0.0019004,0.0040862,0.0032124,0.0017337,0.0024074,0.0018041,0.0011162,0.0019925,0.0018346,0.0019007,0.0011557,0.0010551,0.0012967,0.0019431,0.0012142,0.0011447,0.0022008,0.00066661,0.0010824,0.00074994,0.000542,0.00046749,0.00034208,0.00073069,0.0011592,0.0016397,0.0013682,0.0017112,0.001113,0.00049699,0.00096403,0.00068471,0.00051774,0.00048448,0.00075272,0.0004399,0.00039527,0.00063515,0.00021016,0.00049848,0.00030218,0.00043291,0.00028671,0.0006334,0.00011561,0.0010653,0.00093592,0.00062378,0.00064729,0.00048966,0.00057521,0.00047575,0.00061651,0.0002956,0.00036801,0.00058305,0.00047409,0.00039629,0.00043574,0.00044534,0.00018836,0.00018015,0.00033212,0.00036345,0.00037471,0.00058256,0.0003701,0.00077965,0.00017692,0.00051215,0.00025455,0.00017791,0.00042403,0.00035899,0.00043279,5.0525e-05,0.00052095,0.00060506,0.00031799,0.00035837,0.00044731,0.00035125,0.0001359,0.00051733,0.00044674,0.00013168,0.00030691,0.00026032,0.00046315,0.00056709,0.0006011,0.00043237,0.00042819,0.00037571,0.00015845,0.00055764,0.00032195,0.00017463,0.00040883,0.00022173,0.00029735,0.00025744,0.00018705,0.00017617,0.00016813,0.00039623,0.00056682,0.00026328,0.00031755,0.00037712,0.000332,0.00040733,0.00026796,0.00038548,0.00021098,0.00016012,0.00039189,9.0769e-05,0.00030952,0.00031991,0.00035627,0.00042869,0.00014052,0.00030633,0.00011729,0.00017235,0.00016944,0.00030571,0.00025437,0.00018788,0.00025513,0.00010206,0.00045582,0.00040314,0.00036713,0.00028953,0.00064356,0.00058247,0.00010277,0.00043528,0.00050439,0.00026256,0.00074723,0.00025004,0.00037676,0.00013853,0.00019801,0.00013626,0.00038759,0.00042094,0.00026229,0.00043171,0.00061679,0.00064407,0.0002254,0.00074891,0.00055671,0.00063807,0.00015311,0.00028783,0.00050987,0.00011204,0.00042928,0.00053388,0.00067328,0.00018935,0.00045612,0.00052466,0.00014343,0.0004552,0.00044988,0.00042922,0.00076258,0.00020632,0.00026918,0.00038372,0.00048118,0.00060777,0.00027983
8.6906e-05,0,0.00012243,0,0.00047992,0.00019778,0.00038519,0.00022562,0.0006258,0.0025726,0.00027792,0.0013278,0.00014582,0.0010077,0.00012699,0.00034117,0.00024329,0.0013869,0.0021985,0,0.0010561,0.0015101,0.00024305,0.00018671,0.00098516,0.00018306,0.00095904,0,0.00013108,0.00054492,0.0001593,0.00038873,0.00041162,0,0.00042217,0.00014915,0.00057126,0.00080318,0,0.0005447,0.00020301,0.00016631,0.0001791,0.00048244,0.00048947,0.0001748,6.7538e-05,0.00011867,0.00083969,0.00011138,0.00028116,0.00039888,0.00021635,0.00051146,8.4662e-05,7.6776e-05,0.00022623,6.6395e-05,0,0.0001212,4.292e-05,0.00023113,5.9849e-05,3.8783e-05,8.7316e-05,0.00026184,9.6908e-05,0.00038997,0.00025704,6.3057e-05,0.00014307,3.6012e-05,4.9667e-05,0.00018838,0.00024025,0.00012356,0.00029419,0.00028041,0.00019544,0.00068317,0.00017181,0.00047028,0.00031728,0.00022773,7.137e-05,0.00015662,0.00019894,0,8.1968e-05,0.00031555,0.00033656,7.0502e-05,0.00022208,0.00038667,0.00061491,0.00054186,0.00038995,0.00021162,0.00017332,0.0003562,0.00012282,6.1324e-05,8.5916e-05,8.8595e-05,0.00017482,0.00045254,0.00016572,0.00028279,9.4371e-05,7.0948e-05,0,0.0004172,0.00097511,0.00015637,0,0.00013117,0.00059416,0.00015913,9.9839e-05,0.0013348,0.0013912,0.00075609,0.0012593,0.0012139,0.0015892,0.0017275,0.00044311,0.001374,0.0027328,0.00063485,0.0017795,0.00076657,0.0019362,0.0026201,0.0015564,0.0041829,0.0023994,0.0031985,0.0041712,0.0044925,0.004301,0.0036358,0.0022792,0.0020709,0.0045856,0.0047602,0.0035748,0.0029832,0.0014992,0.0039938,0.0045697,0.0019517,0.005405,0.0067894,0.0038122,0.0063822,0.0037397,0.0093267,0.0082921,0.0087024,0.0077575,0.015016,0.008537,0.0046955,0.01184,0.0068772,0.010728,0.0038789,0.0071289,0.0091179,0.0045442,0.0014675,0.0054824,0.0058168,0.006856,0.010852,0.005089,0.0048649,0.0016932,0.0023675,0.0055175,0.0037372,0.0080999,0.0053304,0.0060072,0.0061466,0.0023417,0.002553,0.0024077,0.0064627,0.0037398,0.005202,0.0033461,0.0055024,0.003962,0.010559,0.0061406,0.00742,0.0058206,0.0025087,0.0022319,0.011014,0.009393,0.013041,0.0029264,0.0027873,0.038804,0.033049,0.030094,0.015795,0.065334,0.016038,0.0044467,0.019495,0.024462,0.012868,0.021583,0.0094875,0.012561,0.016136,0.043025,0.063884,0.065417,0.027306,0.017278,0.012083,0.021781,0.027428,0.030565,0.02105,0.034348,0.031055,0.0058968,0.018214,0.04016,0.010075,0.013393,0.036124,0.041759,0.04052,0.022224,0.045354,0.014977,0.043308,0.049904,0.040719,0.010196,0.10134,0.082865,0.026791,0.050855,0.07449,0.072898,0.039273,0.060096,0.01184,0.03759,0.084501,0.013552,0.027287,0.046121,0.01029,0.013402,0.008621,0.0076791,0.01055,0.015812,0.025082,0.04112,0.017255,0.0063924,0.0036655,0.0069693,0.011209,0.039531,0.039408,0,0,0.0060325,0,0,0.019039,0,0.0090754,0.011923,0.013507,0.032991,0.025683,0.014589,0.042126,0.0035979,0,0,0.015261,0.020232,0.011942,0.009124,0,0.015629,0.028237,0.0077668,0.0084233,0.0061881,0.010465,0.049382,0.061149,0.031354,0.019493,0.020224,0.018828,0.051038,0.054713,0.05308,0.068261,0.07508,0,0.087299,0.082604,0.051266,0.020743,0.023505,0,0.077069,0.083877,0.073743,0.077259,0.057402,0.0075843,0.12198,0.11275,0.13376,0.076991,0.074846,0.14486,0.30614,0.44006,0.32485,0.27289,0.25928,0.104,0.29869,0.48257,0.32873,0.27034,0.22741,0,0.41198,0.62809,0.29055,0.13476,0.27306,0.083724,0.31154,0.81708,0.26428,0.30695,0.076068,0.048045,0.36621,0.59745,0.18755,0.27987,0.11795,0.14022,0.20495,0.72445,0.20039,0.11546,0.035231,0.12679,0.19694,0.70929,0.23078,0.33642,0.24067,0.13085,0.18321,0.61127,0.31277,0.3042,0.20569,0.02979,0.10976,0.51745,0.34076,0.090318,0.15056,0.042232,0.033048,0.35129,0.46943,0.16516,0.065921,0.11068,0.02631,0.15354,0.403,0.11789,0.2408,0.23635,0.062635,0.11396,0.56076,0.1841,0.17192,0.2157,0.11745,0.16783,0.351,0.32643,0.18282,0.13081,0.018501,0.032931,0.20811,0.4194,0.089751,0.13188,0.04673,0.038436,0.062532,0.35542,0.14096,0.17247,0.14314,0.062851,0.083292,0.24203,0.239,0.12185,0.12067,0.013938,0.024082,0.073077,0.1784,0.05423,0.08003,0.01256,0.022943,0.025138,0.18371,0.13646,0.039091,0.12796,0.05568,0.038318,0.10421,0.15835,0.074158,0.019695,0.035335,0.028988,0.01849,0.11619,0.055212,0.046443,0.014127,0.044213,0.061571,0.072898,0.14259,0.079178,0.023693,0.046474,0.081445,0.012544,0.046787,0.03879,0.014376,0.067962,0.052606,0.019124,0.017894,0.040547,0.03707,0.12264,0.03959,0.040094,0.13943,0.096147,0.12679,0.16631,0.022882,0.072509,0.03874,0.10839,0.041486,0.020506,0.15519,0.18841,0.074732,0.049927,0.026516,0.028872,0.051894,0.16714,0.050229,0.073314,0.084754,0.091367,0.031805,0.080488,0.13791,0.071468,0.046435,0.028482,0.039201,0.032199,0.0081206,0.12498,0.017615,0.0089721,0.025804,0.010882,0.007699,0.023903,0.11464,0.051041,0.019619,0.018268,0.021682,0.020516,0.013386,0.017969,0.01536,0.033333,0.028786,0.041009,0.036702,0.010781,0.018452,0.074163,0.025694,0.0091988,0.0064127,0.022587,0.0076871,0.011036,0.059996,0.015585,0.040954,0.043013,0.031541,0.032712,0.047019,0.055837,0.03604,0.053388,0.03577,0.018322,0.018996,0.0068569,0.030202,0.0086406,0.013591,0.024765,0.01978,0,0.022789,0.025402,0.032352,0.013625,0.034023,0.016678,0.020553,0.0045213,0.017891,0.02619,0.028377,0.011284,0.016059,0.014125,0.0050472,0.0086324,0.0082455,0.033384,0,0.007477,0.013538,0.023395,0.010075,0.015875,0.0051376,0.01886,0.0067359,0.010472,0,0.0090512,0.016878,0.0052018,0.01525,0.017639,0.016461,0,0.0095608,0.0076935,0.012662,0.011918,0.011208,0.0085952,0,0.015966,0.0036853,0.0081386,0.014242,0.0044019,0.011074,0,0,0.0051423,0.0032888,0.0040524,0,0.006652,0.0047656,0.0017777,0.0036694,0.0049312,0.0042533,0.0018327,0.0048968,0,0.0037234,0.0062495,0.0011477,0.0034673,0.0024481,0,0.0028856,0.00033853,0.00042403,0.0019356,0.0011016,0.00041709,0.00044457,0.00048832,0.0017577,0.00031911,0.00055225,0.001063,0.0019187,0.001017,0.00019653,0.0014283,0.0011829,0.00023983,0,0,0.00050294,0.00044888,0.00030742,0.00067814,0.0010167,0.00079331,0.00053997,0.0011708,0.00045267,0.00032031,0.0006081,0.00031703,0.00033238,0.00025628,0.00034907,8.9403e-05,0.00016079,0.00073402,0.0005601,0.00022861,0.00013528,0.00047129,0.00016381,0.00017364,0.00053636,0.00038813,0.00013189,0.00022941,0.0003417,0.00015421,0.00022307,0.00015781,0.00025095,7.1788e-05,0.00044972,0.00023108,0.00051356,0.0002967,0,0.00018369,0.00016043,0.00011174,0.0005207,0.00046524,0.00017473,0.00038682,0.00033255,0.00013263,0.00030132,0.00016969,0.00034339,0.00028503,0.00016527,0.00011821,0.0002515,0.00047995,0.00022711,0.00043309,0,0.00018323,0.00019407,0.00089785,0.00014965,0.00050566,0,0.00061136,0.00037333,0.00056632,0.00021237,0,0,0,0.00010349,0.00030137,0.00020729,0,0.00013264,0.00051531,0.0001281,0.0001745,0,0.00018113,0.00014843,0.00014716,0,0.00049079,0.00039823,0.0003918,0.00027328,0.00016076,0.0003478,0.00031911,0.00039189,0.00018059,0,0.00031943,8.0946e-05,0.0001034,0,0.00044525,0.00014056,0.00012738,0.00017541,0.00070385,0.00041557,0.00026316,0.00014535,0.00033507,0.00039413,0.00031077,0.00014608,3.9709e-05,0.00024204,0.00031849,0.00014431,0.00012597,0.00026181,0,0.00042464,0.00044513,0.00051803,0.00053201,0.0003693,0.00039549,0.00024415,0.00010033,0.0002342,0.00016884,0.00041945,0.00017194,0.00073132,0.00022295,0.00058975,0,0.00010704,0,0.00030796,0.00037251,0.00014966,0.0004798,0.00061259,0.00023656,0.00024699,0.00025116,0.00015356,0.00023222,0.00041554,0.00019264,0.00065103,0.00058758,0.0002771,0.00023027
0,0,0,0,0,0,0,0,0,0,0,0,0,0,0,0,0,0,0,0,0,0,0,0,0,0,0,0,0,0,0,0,0,0,0,0,0,0,0,0,0,0,0,0,0,0,0,0,0,0,0,0,0,0,0,0,0,0,0,0,0,0,0,0,0,0,0,0,0,0,7.1852e-05,0,0,0,0,0,0,5.5056e-05,0,0,0,0,0,0,0,0,0,0,0,0,0,0,0,4.6464e-05,0,0,0,0,0,0,0,4.1692e-05,0,0,0,0,6.7178e-05,0,0,0,0,0,0,0,0,0,0,0,0,0,0,0,0,0.0003026,0,0,0,0,0,0.00044496,0,0.00066529,0,0,0,0,0,0,0,0,0,0,0,0,0,0,0,0,0,0,0,0.0010345,0,0,0,0,0.0018023,0,0,0,0,0,0,0,0,0,0,0,0,0,0.0012546,0,0,0,0,0,0,0,0,0,0,0,0,0.0020492,0,0.0027607,0,0,0,0.0013404,0,0,0,0,0,0,0,0,0.0017225,0,0,0,0,0.0015987,0,0,0,0,0,0.0028555,0,0,0,0,0,0,0,0,0,0,0,0,0,0.01022,0,0.005499,0,0,0,0.0063618,0,0,0,0,0,0,0,0,0,0,0,0,0,0,0,0,0.0072562,0,0.014056,0,0,0,0,0,0,0,0,0,0,0,0,0,0,0,0,0,0.0029411,0,0,0,0,0,0,0,0,0,0,0,0,0,0,0,0,0,0,0,0,0,0,0,0,0,0,0,0,0,0,0,0,0,0,0,0,0,0,0,0,0,0,0,0,0,0,0,0,0,0,0,0,0,0,0,0,0,0,0,0,0,0,0,0,0,0,0,0,0,0,0,0,0,0,0,0,0,0,0,0,0,0,0,0,0,0,0,0,0,0,0.016702,0,0,0,0,0,0,0,0,0,0,0,0,0,0,0,0,0,0,0,0,0,0,0,0,0,0,0,0,0,0.021102,0,0,0,0,0,0,0,0.061056,0,0,0,0,0,0,0,0,0,0,0,0,0,0,0,0,0,0,0,0,0.019703,0,0.023389,0.015792,0,0,0,0,0,0,0,0,0,0,0,0,0,0.01745,0,0,0,0,0,0,0,0,0,0,0,0,0.014942,0,0.032454,0,0.016829,0,0,0,0,0,0.0074748,0,0,0,0,0,0,0,0,0,0,0.020679,0.011871,0,0,0,0,0,0,0,0,0,0,0,0,0,0,0,0,0,0,0,0,0,0,0,0,0,0,0,0,0,0,0,0,0,0,0,0,0.0087906,0,0,0,0,0,0,0,0.0090545,0,0.0053595,0,0,0,0,0,0,0,0,0.010919,0,0,0,0,0,0.006701,0,0,0,0,0,0,0,0,0.011704,0,0,0,0,0,0,0,0,0,0,0.0039777,0,0,0,0,0,0,0,0,0,0,0,0,0,0,0.0036544,0,0,0,0,0,0,0,0,0,0,0,0,0,0,0,0,0,0,0,0,0,0,0,0,0,0,0,0,0,0.0035137,0,0,0,0,0,0,0,0,0,0,0,0,0,0,0,0,0,0,0,0,0,0,0,0,0,0,0,0,0,0,0,0,0,0,0,0,0,0,0,0,0,0,0,0,0,0,0,0,0,0,0,0,0,0,0,0,0,0,0,0,0,0,0,0,0,0,0,0,0,0,0,0,0,0,0,0,0,0,0,0,0,0,0,0,0,0,0,0,7.3656e-05,0,0,0,0.00010135,0,0,0,0,0,0,0,0,0.0001107,0,0,0,0,0,0,0,0,0,9.4753e-05,0,0,0,0,0,0,0,0,0,0,0,0,0,0,0,0,0,0,0,6.2715e-05,0,0,0,0,0,0,0,0,0,0,0,0,0,0,0,0,0,0,0,0,0,0,0,0,0,0,0,0,0,0,0,0,0,0,0,0,0,0,0,0,0,0,0,0.0001157,0,0,0,0,0.0001257,0.00011444,0,0,0,0,0,0,0,0,0,0,0,0,0,0,0,0,7.8629e-05,0,0,0,0.00015435,0
