242.44,526.4,207.84,801.77,290.33,324.85,1200.2,193.18,546.25,216.95,1155.6,1950.1,1213.8,567.73,294.38,985.17,1068.6,843.39,531.02,187.21,335.09,934.66,1113.6,1212.8,908.81,219.02,1248.9,335.44,761.62,892.92,619.63,401.05,783.99,455.53,854.15,691.43,394.15,787.29,246.15,541.06,455.88,541.21,469.14,556.11,801.02,952.15,124.26,1298.5,1464.4,888.45,366.59,362.77,323.78,1414.9,742.87,269.27,607.34,1108.8,976.27,257.79,204.74,1187.2,1325.5,1248.4,779.88,285.68,369.37,226.35,209.83,339.78,477.21,771.3,1005,715.52,646.42,811.14,174.3,837.54,212.07,1060.4,112.98,226.91,242.9,545.17,1140.7,791.07,555.71,682.43,1402.4,661.18,970.52,138.58,2265.3,995.84,264.98,732.44,805.13,345.3,798.33,931.15,961.65,467.57,362.39,1165.7,340.05,895.67,810.58,1023.9,211.11,550.39,1541.4,610.7,221,97.462,247.39,1319.2,299.32,784.85,799.43,618,1339.4,1053.8,173.83,1217.9,148.53,1198.7,1244.3,607.48,460.26,786.89,1074.7,1187.1,229.86,144.19,951.56,1457.7,192.83,1335.4,843.64,216.9,969.34,1324.8,827.55,1034.1,738.76,709.35,631.6,785.36,813.34,220.9,176.6,394.46,242.9,1289.7,1168.4,494.76,1335.2,414.1,515.59,1255.5,1005.7,1016.5,1121.3,1206.4,876.27,858.2,558.18,640.03,269.97,872.58,585.16,1031.4,1232.9,264.19,790.47,249.5,647.24,1285.4,206.72,1361.1,780.54,1403.3,1000.5,842.24,1268.5,626.47,1092.1,1379.3,519.5,825.77,842.51,121.87,241.91,947.52,345.98,528.94,1301.5,1743.2,199.99,1409.9,752.63,1139.6,1133.3,340.98,1191.9,205.2,236.94,244.06,125.63,1096.7,998.13,1591.6,1492.4,1371,230.98,532.02,180.17,114.84,1199.1,1505.6,692.25,452.47,1117.8,852.58,729.72,932.03,838.3,726.24,1372.4,1350.2,1034.7,1300.5,784.33,1201,683.17,254.1,656.11,1051.7,961.43,1097.2,577.86,618.55,228.48,743.23,1113.1,1035.9,530.65,470.66,836.49,575.23,792.56,1180.2,1000.1,1142.8,784.01,1916.9,896.83,922.8,768.55,600.25,425.29,915.93,972.5,1590,263.71,1567.2,1491.4,1096.5,398.06,588.36,1301.4,890.02,1662.2,528.44,1081.5,859.76,932.95,980.72,873.61,1452.4,941.14,611.68,565.25,833.73,1508.6,636.95,1082.1,780.81,810.01,841.38,679.98,436.26,387.71,635.44,853.04,686.96,1125.6,1524.7,987.26,1274.4,280.96,764.37,519.35,183.97,90.04,203.28,184.28,219.24,217,221.81,224.78,162.65,1441.2,297.78,1069.8,630.8,234.03,264.39,318.56,1531.9,975.82,231.37,205.6,941.77,1020.7,1742.4,252.82,1336.2,219.03,461.08,141.35,412.21,639.19,210.44,1662.9,1523.8,1050.9,232.36,1050.9,230.35,329.47,432.54,1184.3,418.73,1450.6,1431.2,1556.8,638.89,1449.7,650.37,804.2,577.2,617,1889.4,928.07,963.23,1349.5,1028.6,1294.9,1020.7,575.82,484.43,921.51,812.07,785.75,649.89,917.1,277.22,615.42,840.56,1395.7,877.89,696.68,614.6,276.1,682.55,1192.6,1495.5,267.29,1450.5,207.62,372.71,247.48,1555.1,342.92,609.04,1539.4,360.99,264.61,243.37,409.34,223.69,348.36,704.29,947.17,276.83,384.83,610.44,550.25,530.64,501.02,617.94,605.69,490.43,30.138,990.33,632.27,604.22,776.57,379.26,591.68,805.72,345.29,585.59,541.81,560.7,642.25,587.38,701.13,848.8,405.39,675.6,559.46,563.04,777.79,807.37,634.67,688.67,702.81,620.54,564.15,546.47,464.96,626.14,569,789.06,78.143,679.6,616.06,623.12,632.31,569.81,684.71,836.29,1053.5,694.83,597.18,633.54,618.11,436.96,705.79,696.75,743.82,589.09,619.16,571.29,562.7,527.78,660.7,682.67,203.27,519.89,614.02,569.64,605.23,653.96,598.62,877.75,778.86,196.78,618.06,500.78,1025.1,571.07,1004.5,836.35,417.68,219.65,783.51,503.72,271.9,483.7,536.79,792.8,339.44,625.47,757.79,1022.2,431.03,242.2,444.23,689.8,962.64,794.54,506.3,960.96,422.36,411.49,347.84,922.92,520.48,719.09,727.77,974.41,700.64,630.54,236.86,1152.5,491.85,692.71,431.78,685.77,510.26,240.8,383.46,199.32,236.22,548.46,188.88,231.86,755.51,508.33,474.68,199.41,484.74,289.97,569.43,836.13,288.14,774.28,1455.1,181.26,518.02,478.34,462,508.49,567.34,536.21,437.2,624.74,221.29,228.4,496.54,548.42,547.67,594.39,137.88,580.22,1170,263.16,1480.6,240.89,444.68,577.38,542.03,335.61,541.35,204.36,555.29,354.31,972.9,489.78,417.01,223.13,498.09,418,540.86,575.16,453.67,325.58,534.56,466.66,118.48,419.1,279.25,419.32,513.26,537.72,423.1,285.92,568.58,758.28,269.74,284.31,244.08,254.41,215.58,229.18,420.72,423.21,454.86,437.44,59.396,416.17,263.06,276.7,235.73,337.72,502.81,168.23,276.31,423.99,322.78,256.25,254.58,327.16,222.1,320.23,377.39,213.3,350.45,461.05,985.31,181.69,440.47,383.6,199.74,107.12,224.01,395.61,361.79,385.48,334,286.35,332.08,254.61,415.27,209.55,307.7,264,251.36,452.24,663.95,249.28,425.8,271.01,367.67,433.68,435.53,763.34,397.27,435.9,518.58,289.77,345.14,251.83,317.92,226.12,175.01,368.83,339.98,221.9,242.97,415.96,215.98,462.33,199.01,339.14,193.66,232.44,477.82,247.08,244.51,621.54,1159.2,394.33,216.54,179.25,754.31,1770.2,634.65,438.96,371.61,464.87,198.58,189.52,743.72,1136.9,533.12,212.5,330,443.33,236.19,429.44,303.83,458.62,650.05,517.3,1353,1102.3,540.26,503.77,397.9,224.23,1494.7,259.89,119.6,300.26,216.29,180.32,230.94,210.68,22.258,160.2,569.79,176.08,145.12,221.04,803.18,201.73,109.26,251.19,1164.2,1444.8,199.1,101.12,210.88,827.5,1227.5,1281.4,1063.6,1444.5,208.11,768.77,864.15,324.16,605.39,241.06,1652.8,956.77,665.28,688.44,787.13,833.49,263.62,305.04,133.76,214.34,163.61,1776.7,1197.6,790.92,428.54,487.03,618.99,123.66,1329.6,234.16,150.29,233.31,203.25,130.97,206.19,221.73,660.56,1007.8,282.66,1343.9,657.43,211.27,566.96,1269.4,1589.8,1361.1,210.76,1303.2,1006,224.76,462.14,1731,1121.8,509.19,297.56,1172.1,667.89,810.56,668.08,250.31,880.13,251.13,507.46,1062.6,1028.6,889.53,1182.3,1704.7,278.19,192.99,1153.2,1333.8,256.02,844.11,286.25,23.086,143.12,224.08,226.52,147.59,1792.9,506.18
1451.9,1617.1,1729.1,1428.4,1838.3,942.26,2185.5,1106.4,1461.1,1883.8,1917.2,1990.7,2663.6,1522.4,1611.4,1658.4,1434.4,1087.5,1922.5,1892.2,1162.6,2538.7,1803.4,2150.5,2128.5,1521,2562.2,1520.7,2020.9,2194.6,2403.3,1230.4,1654.4,1364.1,1647.2,1226,1806.4,1812.3,1644.8,1434,1261.9,1615.6,1245,1150.1,2178,2174.4,1301.3,1915.2,2724.1,2024.4,1777,1378.1,1620.6,2618.1,1993.5,1493.5,1315.4,2363.7,2505,1923.5,1483.1,1967,2259.3,1782.4,1526.1,1774,1442.9,1098.3,1309.8,2065.8,1955.3,1914.3,1114.1,1635.8,2186.2,2376.1,1229.1,2105.7,1502.9,1474.4,1710,1540.9,1619.7,2188.5,2260.8,1872.5,1790.7,2091.1,2335,2291.2,2077.4,1132.7,3334.7,1444.2,1195.1,2118.7,1718.3,1566.5,1279.2,1416.5,2545.9,1351,2209.8,2712.8,1193.8,1894.9,2545.3,2159.9,1557,2323.1,2442,1753.3,1782.9,1491.7,1233.3,2668.2,1673.7,1564.3,1389.4,1738.3,2279,1733.1,1538.7,1508.2,1227.5,2456.7,2290.5,1428.8,1711.9,1982.5,2107.8,2456.7,1828.4,1506.4,2212.6,2153.6,1355.1,2698.5,2567.7,1510.7,2328.1,3097.5,1211.5,2270.4,1946.9,1802,1376.1,1405.8,1753.6,1458.2,1579.9,1989.7,1786,2405,2302.7,1625.4,3111.6,1258.1,2064.3,1906.6,1998.8,2198.5,1647.4,1780.3,2005.7,1585.2,1619.9,1292.7,1695.2,2056,1895.3,1927.5,2096.4,1953,1702.4,1526.8,1954.3,3018,1339.8,3039.2,1844,2393.6,2361,1565.6,2508.2,1541.6,1871.6,1634.7,1526.1,1985.2,1478.7,1725.4,1397.6,1670.9,1682.6,1561,1682.1,2840.5,1438,2913.5,1117.5,2534.9,2035.9,1352,2326,1520.1,1461.6,1596.2,1332.8,1939.8,2663.9,2286.8,2704.7,2544.9,1779.9,2081.6,1110.1,1685.4,1875.8,2471.8,2029.6,1823.7,2106.5,1250.7,1815.1,2867.3,2125.5,2089.9,2786.8,1730.7,2460.2,1372.8,2264.2,2300.5,1369.6,1133.2,1358.1,3150.4,1139.3,1104.1,1726.5,1126.8,1854.2,1442.6,2362.6,1857.4,1604.5,1745.7,1752.4,1892.9,1872.1,2709,1640.3,2388.4,1595.7,2311.3,2119.8,1997.9,1954.7,2259.7,1917.5,2323.6,2570.5,3167.4,1423.5,1996.7,2259.4,2337.3,1526.2,1798.7,2813.4,1043.6,3265.3,1859.4,1690.2,2445.7,2805.2,1542.5,1439.6,2629.4,1942,1736.9,1818.9,1894.2,2361.1,1660.3,2254.2,2189.2,1596.4,1839.6,2047,1580.8,1785.7,2095.5,2698.4,1226.1,2047.1,2661.1,2901.4,2653.9,1568.8,1543.1,1952.1,2310.7,1875.2,1402.3,1332.3,1413.5,1805.9,2074.6,2384.6,1476.1,1891.6,1930.1,2953.5,2356.3,1521.3,1889.3,1886.5,2836.4,2800.4,2695.6,1877.7,2467.5,2480,2875.6,2963.6,2915.1,2268.9,2293.4,1883.1,2232.8,2270.6,1845.8,2803.6,3061.5,2500.8,1716.3,2389,1996.5,1908.2,2640.2,2644.2,1474.1,3079.2,2638.9,2655.3,1710.4,2515.8,1641.8,1906.1,1559.4,1214.7,2818.2,2643.5,1922.2,3022.9,2181.3,3417.1,2430.9,1827.7,2393.6,1492.7,1536.1,2286.7,1907.7,1630,1525.6,1727.1,1522.6,2526.1,1851.4,960.27,1384.4,1602.3,1146.4,2604.6,2531.6,1508.8,2457.5,1583.4,1566.6,1659.4,2365.4,1563.3,1471.7,2380.4,1350.5,789.81,1527.5,1052.1,878.96,745.97,1232.4,1573.6,796.67,1784.3,1395.1,1554.1,1548.3,1465.5,1409.1,642.48,1591.4,1516.1,2621.7,886.52,1366.5,1678.4,866.11,862.41,1689.6,1248.2,1610.5,1480.5,1515.3,1670.8,1271.6,1462.8,1620.4,1142.3,1619.8,1453.2,1500.4,1708.9,1702.8,1639.6,1535.1,1291.8,1663.8,1489.5,1465.3,1499.1,1006.9,1035.6,947.29,969.7,1549.1,1482.5,811.33,1485.1,1200.6,1393.7,1650.7,2272.8,1423.4,1189.2,1350.8,1219.7,1380.2,1600.2,1647.1,2106.8,1100.4,1571.4,1322.1,1269.1,2110.2,1271.4,1509.5,1254.2,1190.7,1457.3,1263.5,1267.7,1339.9,1477.6,1406.2,1234.9,878.11,1207.2,1405.9,1418.6,1331.9,1557.2,1378.5,988.22,1057,1313.5,1333.6,1172.3,1266.7,854.91,1311.2,1344.7,1771.4,2372.5,1238.7,1242,1041.6,890.82,1186.5,1464.6,853.27,839.16,1957.6,1535.5,1271,1123,2563.1,1205.4,2170.2,1412.5,2326.1,2793.9,1081.2,1036.8,1997.1,1178.1,2387.9,1301.6,1398.6,1377.8,1312.9,1542.9,1275.2,1155.9,1974,937.89,1293.9,1383.7,1480.4,1297.2,1335.7,1080.8,1309,1127.7,2462.7,1332.7,1432.7,2844.2,1032.6,1111.2,1136,1045.8,1677.4,1566.3,1365.6,1223,1138.3,1100.7,1001.1,953.96,1458,1486.6,1508.2,604.63,639.88,2574.2,1499.7,2569.8,1017.8,1546.9,1592.5,1616.9,815.71,1364.4,1517.8,1507.5,961.49,2500.6,1134.4,2251.4,2056.2,1552.7,1525.3,1456.8,1438.4,1424.9,1580.1,963.13,2659.6,1153.3,886.2,2394.6,1486.8,1493.1,1449.6,1424.6,1408.1,2365.3,1845.7,719.15,1381.4,1167.2,2153.3,620.77,653.88,847.29,1287.9,1426.7,1563.3,768.51,2177.5,863.53,1011.9,2460.8,2576.4,2435,570.05,1436.3,764.58,787.37,2023.9,705.93,1696.1,1515.1,2288.2,935.17,568.87,996,520.65,2553.8,1017.7,2577.9,901.09,623.18,618.41,901.23,848.05,1024.9,1283.5,892.82,839.74,2417.8,799.23,1914.3,467.52,1296.6,1411.3,1350.5,1417.7,1439,1017.3,2651.2,908.85,1105.4,1110.7,1782.4,1612.9,532.79,2438.4,1824.4,519.88,1427.5,1109.5,1402.4,1372.9,1500.9,1501,1715.5,1187.4,2344.1,1107.9,1523,1708.9,1332.7,2289.8,1439.9,976.08,2696.7,1512.1,703.53,2459.3,1957.1,1251.2,1428.3,1197.5,971.39,2811.3,2233.1,2074,1948.9,2109.8,525.37,1336.6,2056.5,2400.4,1466.9,1549.9,1237.6,1436.7,1237.2,867.15,1476.6,1356.2,1339.3,1443.9,2731.6,2114.6,2030,2189.8,1409.5,1345.4,2253.7,1587.3,1630.4,1982,1486,1358.1,1458,1340.6,1189.6,1054.5,1578.2,1632,1611.8,1317.2,1276.6,1288.1,1349.3,1088,2548.8,2678.1,1794.9,1523.1,1538,2255.8,2695.3,1714.7,1936.8,3030.1,1082.4,2273,1782.4,1532.4,1251.7,2127.6,2505.9,1610.2,1985.2,1416.5,1968.1,2074.9,1655.3,1170,1497.4,1773.4,766.07,2282.6,2083.6,2021.4,1390.7,1221.3,1996.2,1939.6,2495.7,1941.7,2164.6,1160,1261.3,1767.2,1764.7,1247.6,1850.8,2453.7,2083.7,2058.8,1542.6,1513.3,1729.8,2558.2,2323.4,2392.5,1554.3,2793.9,2060.4,1696,1462,1734.6,2134.7,1511.3,1526.5,1879,1655.4,2390.7,1610.4,1232,1386.5,1733.8,1696,1752,2114.7,1972.8,1789.2,2974.2,1846.9,1767.4,2541.6,2735,1821.9,1531.7,1439.7,1353.1,1487.4,1704.9,1212.1,1511.5,2562.6,1507.3
2544.9,2699,2572.3,2656.6,2698.5,1942,3156.4,2155.4,2959.9,2876.4,3439.8,3488.8,3401.1,2548.5,2984.7,3011,3011.8,2233.6,2165.4,2580,2312.5,3469,2604.7,3302.2,3111.3,2886.9,3669.5,2860.5,3098.3,2402.8,3157.8,2238.8,2794.3,2520.7,2625.1,3317.7,3112.4,3344.1,2279.5,2993.5,2474.9,2779.3,2794.7,2132.4,2596.5,3546.2,2063.8,3062.9,3301.4,3001.2,2350.2,2349.9,2353.4,3337.2,2534.4,2763,2449.7,3095.9,2725.9,2753.1,2654.9,3306.8,3019.5,3039.4,2219.9,3283.8,2736.6,2335,2154,2629.8,3024.6,3042.4,2916.9,2872.3,3263.8,2629.2,2566,3490.2,2374.8,3611.8,2570.1,2823.2,2905.9,3237.5,3437.9,2821.6,3262,2140.3,4000,2461,3192,2583,4000,3200.8,2601.8,2255.1,1856,2656.3,2277.3,2718.9,3250.6,2782.8,3209.6,3515.5,2388.5,2824.8,3141.5,3403.2,2178.5,3087.8,3081,3224.5,2350.4,2753,2752.2,4000,2311.7,2863.4,2011.6,3212,3443.2,2978.5,2575.9,3792.5,2318.2,3227.7,3170.2,2592.9,3108.1,2822.5,3057.6,3298.9,2536.5,2512.1,3113.3,3409.1,2260.5,4000,3515.9,2165.6,4000,3213.2,2529.6,2795.9,3348.3,3076,2619.3,2652.8,2464.3,2647.2,2731.9,3123.5,2314.4,3408.8,3327.7,2616.3,3238.8,2637.8,2770.1,3585.7,3085.6,2767.7,3091.4,1908,3597.8,2819.9,2435.9,2120,2688.4,2789.7,2767,2956.4,3337.3,2942.9,2716.7,2411.4,3081.3,3482.2,2888.5,3730.6,3132.9,3455.2,3231.7,3220.7,3452.7,2991.2,3091.8,3103.5,3568.3,3511.7,2738.4,2417.9,2171,3015.9,2390.2,2465.6,3339.6,4000,3144.1,4000,2090.4,3338.2,3362.1,2786,3688.3,3308.3,2314.9,2725.3,2458.8,2833.5,3172.1,3178.8,4000,3304.2,2184.6,3369.1,3242.9,3035.6,3394.7,3160.6,3464.8,2247.6,2897.1,2608,2935,4000,3089.9,2265.2,3635.5,3048.8,3422.4,3446.6,3406.2,3654.9,2890.9,2842.7,2774.2,3700,3197.3,3080,2689.2,2832.8,3030.5,2713.1,3420.8,3012.4,2759,2801.5,2818.2,3256.1,2831.8,2979.3,2416,3524.8,3024.6,3380.3,3433.6,3429,3529.3,2745.4,2644.9,3747.3,3313,3376.8,2682.6,3469.4,3389.4,3058.4,2774.6,2851.9,3741.6,2756.1,4000,3049.5,3237.2,3497.7,3562.4,2909.9,2572.2,3525.3,3036,3213.7,2223.8,2703.9,2951.2,2705.8,3367,2717.2,2540.2,3303.7,3400.2,2346.2,2973.9,3651.8,3424.2,2799.3,3549.6,3629.4,3438.2,3449,2714.2,3393,2864.6,2579.8,2622.8,3098.8,3257.8,2906.8,2804.6,2630.5,3598,2731.8,3570.1,3295.2,3781.1,3361.6,2806.8,3334.2,2811.3,3752.7,3678,3519.2,3283.6,3668.5,3558.1,3701.2,3613.5,3828.8,3487.3,3435.4,3420,3207,3520.4,3081.2,3952.3,4000,3429.3,2666.5,3563.3,2980,3075.5,3502.7,3694.5,2665.7,3331.5,3463.4,3428.6,2990.6,3711.6,3152.8,3250.2,3011.4,3253.8,3857.2,3506.7,3665.2,3677.6,2483.7,3508.4,3666.9,2793,3382.4,2657.5,3272.6,3532.3,2626.2,2574.6,2851.6,2821,2717.8,2928.2,3466.7,2560.2,3098.8,2481.2,2809.6,3692.3,3787.2,2880.7,3773.3,3682,2544.1,1996,4000,2532.1,2208.7,3256.6,1589.2,1682,2215.7,1512.3,2102.9,1734.2,2915.4,2715.7,2494.7,3098.5,2783.6,1602.9,1621,2038.6,2957.6,1903.6,2785.6,2530,3428.5,1514.6,1539.6,3628.8,2388.9,2005,3507.2,2179.4,1728.9,2357.4,2402.7,2719.7,2442.1,2554.5,2576.9,2588.4,3451.3,2219,2138.8,3478.3,3525,3394.5,3099.3,2313,2486.6,2243,2396.2,2321.7,1641.3,1696.5,1473,1841.3,3190.7,1686,1520.4,2526,2388,2419.7,3184.9,3376.7,3257.6,2100.5,1882.9,1989.2,2064.2,2456.4,2524.4,3157.1,1819.3,1740.9,2034.7,2255.9,2695,2448.6,2486.9,1906.2,2390.3,3209.4,2116.3,1892,2201.9,3281.7,3238.9,2975.1,2394.6,1855.6,2577.9,2607.8,2453,3039.8,2535.2,2540.8,1630.3,3225.6,3299,3106.8,2333.6,2398.3,2476.1,2423.4,3482.2,3379,3111.6,2598.3,2977.2,3147,2828.1,3422.9,2352.7,2506,3047.9,2878.8,3166,2473.9,3256.5,2024.7,3092.7,2615.2,3364.8,3353.6,2686.4,2636.2,3174.1,2420.3,3547,2752,2332.5,2205.6,2839.8,2169.3,2196.1,2551.9,3160.6,3093.2,2964.7,3252.3,3304.4,3268.4,3337.2,2057.8,2183.2,2412.5,3546.7,1944.7,3322.3,4000,2663.7,2455,2469.4,1997.5,2578.2,2508.7,2672.5,2995,2366.2,2482.7,2514.5,1679.4,2661.6,2586.9,2634.8,1794.3,2422.7,3388.2,2430.2,3411.9,2260.8,3350.4,3383.6,3339.1,1689.6,1661.1,1871.3,2666.4,2851.8,3554.6,2645.5,3392.4,3384.2,3450.1,3603,3145.9,2866.8,2776.5,2885.4,2143.6,3185.7,2698.2,2844.7,2915.6,3018.6,3000.3,2669.7,1641.4,1934.9,3259.9,2675.5,2607.1,2648.2,2682,2943.9,2597.3,2779.9,2754.1,2739.4,2538.2,2451.1,2305.6,3029.6,2421.3,2829.5,2977.3,3055.2,2899,2735.2,2726.3,2486.6,2588.6,2905.9,2642.2,2933.7,1530.2,2995.7,2558.8,2652.1,2633.8,2675.6,2988.5,2733,2884.2,2581.4,2627.7,2607.4,2677.7,2641.6,2593.9,2660.7,2835.7,2686,2943.4,2809.4,2896.3,2732.2,2465.6,2416.5,2859.7,2474,2613.4,2733.1,3080,2696.5,2733.1,2634.1,3058.7,2857.2,2641.6,3063.1,2902.3,2503.9,1870.4,2628.8,2477.8,2693,2619.5,2658.6,2870.9,2967.8,3020.1,2485.6,2974,2872,2739.6,3041.5,2711.6,2810.5,2811.1,2527.1,2653.1,3037.5,3138.3,2669.5,2721.3,2368.8,2980.2,3173.7,2933.5,2794.1,3056.5,2693.1,2231.7,2451,3318.3,3108.2,2457.8,2690.2,2453.7,2619.1,3046.1,2230.2,2172.5,2521.6,2493.5,2615.7,3240.4,3060.9,3176.8,2755.4,2576.3,2303.2,3679.1,2505.2,2597.2,3429.6,2430.7,2305,2051.8,2498.4,2406.3,2503.1,2845.2,2686.2,2342.1,2353.2,2858.2,2839.5,2284.7,2436.2,3406,4000,2503.3,2081.2,2538.8,2794.6,3285.1,3407.3,3186.7,3725.7,2604.5,2781.7,3088.7,2884,2755.5,3107.5,3290.1,2625,2501.2,2768.6,2783.1,3317.2,3045.7,2156,2619.1,1932.6,2276.3,2969.5,2635.1,3199.3,2366.4,2507.7,3120.1,2340.4,3158.9,2792.9,3107.9,2653.3,2329.7,2421,2544.1,2543.1,3004.1,3299.8,3300.6,2618.5,2834.7,2198.4,2366.7,3205.6,3441.2,2941.3,2740.5,2812.1,2911,2022.2,2517.1,4000,2632.3,2368.1,2867.6,2522.7,2455.5,2839.6,2407.2,2863.6,3396.1,2458.5,2635.1,2822.8,3373.5,2925,3081.6,3115.9,2233.2,2864.8,3710.7,3058.5,2736.1,2132.9,3152.1,2524.3,2804.9,1890.9,2865,2521.7,3355,2745.1
3053.4,3248.5,3885.1,3292.6,3043.5,3307.1,4000,3399.7,3507.2,3360.4,0,0,0,3616.6,3491.6,4000,4000,4000,3343.7,4000,2846.4,0,4000,0,4000,3583.4,0,3255,4000,4000,4000,3447.2,3136.6,3333.8,3642.6,4000,4000,4000,3548.9,3476.8,3486.7,3213.5,3557.7,3677.2,4000,0,3487.1,4000,0,4000,4000,3138.7,3338.7,0,3208.3,3397,3357.7,0,4000,4000,3286.7,4000,4000,4000,3379.4,4000,3343.8,3660.3,3286.4,4000,4000,4000,3136.9,4000,4000,4000,4000,4000,3740.7,4000,4000,3258.5,3711.6,0,4000,3463,4000,3442.3,4000,4000,4000,3725.2,0,4000,4000,3277.2,3566.5,4000,3320,3407.5,0,4000,4000,0,3478.9,4000,0,0,3400.7,4000,0,4000,3509.2,3185.3,3038,4000,3467.5,4000,3719.5,4000,0,4000,4000,4000,3315,0,0,4000,4000,4000,4000,0,3335.3,3880.6,0,0,3628.6,0,0,3296.9,4000,0,3250.9,4000,4000,4000,3280.1,4000,3422.4,4000,3185,4000,3555.5,0,4000,3129.4,0,3072.9,4000,0,4000,4000,4000,3462.6,4000,4000,3189.2,3258.1,3278.2,4000,4000,4000,4000,3009.2,4000,3165.5,4000,0,3505.1,0,4000,0,0,4000,0,4000,4000,4000,4000,4000,4000,3597.4,3486.8,4000,4000,3221.2,4000,0,4000,0,3073.4,0,4000,3217.3,0,4000,3676.9,3607.2,3605.5,4000,0,0,4000,0,3688.4,4000,4000,4000,4000,0,4000,3629.2,4000,3578.9,4000,4000,4000,3607.7,0,4000,4000,4000,4000,0,3517.8,4000,4000,0,3567,4000,3621.4,3453.1,3943.7,3333.6,4000,4000,3814.4,3379,3087.5,4000,3749.2,4000,3498.2,4000,3252.5,0,4000,4000,4000,3461.9,4000,4000,4000,0,3239.1,4000,4000,4000,3771.8,3559.2,0,3684.1,4000,3731.4,3517.1,4000,0,3534.9,4000,4000,3658.3,3826.3,3496.4,4000,4000,3720.1,4000,3752.7,3804.6,4000,4000,3613.1,3507.8,4000,4000,3384.1,4000,4000,4000,4000,3888.3,3685.6,3659.3,3738.5,3651.1,3760.4,3761.4,4000,3629.7,4000,4000,3665.2,4000,3514.1,4000,4000,3330.4,4000,3856.3,0,4000,4000,3745,4000,4000,0,4000,0,4000,4000,4000,4000,4000,3705.2,0,4000,4000,3797.8,4000,3594.7,4000,4000,0,3837.7,0,4000,4000,3599,4000,3587.1,3703.5,3574.6,3721.9,0,4000,4000,0,3426.3,4000,4000,3488.9,4000,3457.4,3662,4000,3552.9,3721.4,3575.8,3472.7,3715,4000,4000,3712.6,3778.5,3745.4,3585.2,0,0,4000,0,4000,4000,3543.6,4000,3849.2,3550.2,0,3570.5,3315.1,3709.1,3507.3,3650.3,3496.8,4000,4000,2802.7,4000,4000,3648.4,3539.6,3525.9,4000,3643.7,4000,4000,0,3495.7,3627.9,4000,3530.4,3618.3,4000,4000,3408.5,3588.8,4000,4000,4000,4000,4000,3547.3,4000,3524.6,3606.1,4000,4000,4000,4000,4000,3407.8,3495.1,4000,3517.6,3537.6,3580.5,3144.3,3461.6,4000,3489.2,3450.5,4000,3413.6,4000,4000,0,0,3500.5,3369.1,3388.2,3036.7,4000,4000,0,3322.5,3373.2,3375.3,3399.1,4000,4000,4000,3292.3,4000,4000,3371.8,3380.8,3360.5,4000,0,4000,3176.2,2966.4,4000,4000,4000,0,4000,3733.2,4000,4000,4000,4000,3163.2,3348.6,4000,3160.7,4000,0,4000,3555.3,3557.9,4000,4000,4000,3529.2,3568.6,4000,4000,4000,3378.5,4000,3361.8,4000,3562.8,4000,0,3424.7,3360.7,4000,3780.5,0,3000.5,3444.4,4000,3360.8,3288,3640.6,3507.1,4000,3713.7,3505.1,4000,4000,4000,3464.5,3330.4,3124.6,2864.2,0,3298.4,4000,4000,3699.1,3428.7,2924.1,2573.8,0,4000,4000,4000,3275.3,3034.5,3473.7,3371.8,4000,4000,4000,2703.8,4000,0,3448.2,0,3400.3,4000,4000,0,3509.9,3365.7,2867.2,4000,3517.2,0,3555.9,4000,4000,0,4000,4000,4000,4000,4000,3088.7,0,3217.6,4000,0,4000,0,4000,3147,3373,0,4000,3078,3046.8,2944.9,0,3012,3011.2,2812.8,4000,4000,2944.3,3651.5,4000,2914,3164.2,0,0,0,2919.6,2986.1,2835.9,3273.7,0,3013.6,4000,2937.1,0,2873.5,3089.6,3053.2,2942,0,3113.1,0,3002.6,3042.3,3058.4,2991.9,2985.7,3001.8,3095.4,2904.7,2997.9,0,3047.4,4000,3121.6,2974,2965.4,3005.5,2979.4,2984,2976.1,0,3020,2963.5,3037.6,4000,4000,3049.5,0,4000,3036.5,2952.5,3054.7,2912.9,3058.8,3072.1,3049.4,4000,3079.8,0,3069.1,4000,4000,3169.4,4000,3105.1,3202.3,0,2955.8,2909.4,0,4000,3203.3,3442.5,3563,4000,0,4000,4000,4000,4000,3491.8,3338.2,4000,4000,4000,3204.8,3413.7,3079.5,4000,3047.9,3329.9,4000,4000,3182.9,0,4000,4000,4000,3116.9,3372,0,3216.6,3024.8,0,3049.5,2968,3338,3555.6,3299.9,3718.9,4000,3145.6,3336.9,3098.6,4000,3421.1,3424,3040.5,0,4000,2706.9,3168.1,3203.8,4000,0,4000,4000,0,3681.6,4000,4000,4000,3357.7,4000,0,4000,4000,3767.1,4000,0,4000,2972,3168.7,3189.5,2999.3,0,4000,4000,3164.5,3012.8,4000,4000,0,3583.6,4000,3257.5,3834.4,3298.4,4000,3598.1,4000,0,4000,4000,3220.6,3510.1,3314.7,0,4000,0,3391.2,0,4000,3235.8,3849.7,4000,4000,3134.5,4000,4000,4000,4000,3248.2,3411.9,4000,3449.6,4000,4000,4000,4000,4000,0,3542.3,3409.3,0,0,3178.9,3205.7,4000,3451.5,3389.2,3193.4,3463.3,3203.8,0,4000
0,0,0,0,0,0,0,0,0,0,0,0,0,0,0,0,0,4000,0,4000,0,0,0,0,0,0,0,0,0,0,0,0,0,0,0,4000,4000,0,0,0,0,0,0,0,0,0,0,0,0,0,4000,0,0,0,0,0,0,0,0,0,0,0,0,0,0,0,0,0,0,0,0,0,0,0,0,0,4000,0,0,0,4000,0,0,0,0,0,0,0,0,0,0,0,0,0,4000,0,0,4000,0,0,0,4000,0,0,0,0,0,0,0,0,0,0,0,0,0,0,0,0,0,0,0,0,4000,0,0,0,0,4000,0,0,0,0,0,0,0,0,0,0,0,0,0,0,0,0,0,0,0,4000,0,4000,0,0,0,0,0,0,0,0,4000,0,0,0,0,0,0,4000,0,0,0,0,0,0,0,0,0,0,0,0,0,0,0,0,0,0,0,4000,0,0,0,0,0,0,0,0,4000,0,0,0,0,0,0,0,0,0,0,0,0,0,0,0,0,0,0,0,0,0,4000,0,0,0,0,0,0,0,0,0,0,0,0,0,0,0,0,0,0,4000,4000,0,0,0,0,0,0,0,0,0,0,0,0,0,0,0,0,0,0,0,0,0,0,0,4000,0,0,0,0,0,0,0,0,0,0,0,0,0,0,0,0,0,4000,0,0,0,0,0,0,0,0,0,0,4000,4000,0,0,4000,0,0,0,0,0,0,0,0,0,0,0,0,0,4000,0,0,0,0,0,0,0,0,0,4000,0,0,0,0,0,0,0,0,0,0,4000,0,4000,0,0,0,0,0,0,0,0,0,4000,0,0,0,0,0,0,0,0,0,0,0,0,0,0,0,0,0,0,0,0,0,0,0,0,0,0,0,0,0,0,4000,0,0,0,0,0,0,4000,0,4000,4000,0,0,0,0,0,0,0,0,0,0,0,0,0,0,0,0,0,0,0,0,0,0,4000,0,0,0,0,0,0,0,4000,0,0,4000,0,4000,0,0,0,0,0,0,0,0,0,0,4000,0,0,4000,0,0,0,0,0,0,0,0,0,0,4000,0,0,0,0,0,0,0,4000,0,0,0,0,0,0,0,4000,0,0,0,0,0,0,0,0,0,0,0,0,0,0,0,0,0,0,4000,0,0,0,0,0,0,0,0,0,0,0,0,4000,4000,0,0,0,0,0,0,0,0,0,0,0,0,0,0,0,0,0,0,0,0,4000,0,0,0,0,0,0,0,4000,0,4000,0,0,0,0,0,0,0,0,0,0,0,0,0,0,0,0,0,0,0,0,0,0,0,0,0,0,0,0,0,0,0,0,0,0,0,0,0,0,0,0,0,0,0,0,0,0,0,0,0,0,0,0,0,0,0,0,0,0,0,0,0,0,0,0,0,0,0,0,0,0,0,0,0,0,0,0,0,0,0,0,0,0,0,0,0,0,0,0,0,0,0,0,0,0,0,0,0,0,0,0,0,0,0,0,0,0,0,0,0,0,0,0,0,0,0,0,0,0,0,0,0,0,0,0,0,0,0,0,0,0,0,0,0,0,0,0,0,0,0,0,0,0,0,0,0,0,0,0,4000,0,0,0,0,0,0,4000,0,0,0,0,0,0,4000,0,0,0,0,0,0,0,0,0,0,0,0,0,0,0,0,0,0,0,0,0,0,0,0,0,0,0,0,0,0,0,0,0,0,0,0,0,0,0,0,0,0,0,0,4000,0,0,0,0,0,0,0,0,0,0,0,0,0,0,4000,0,0,0,0,0,0,0,0,0,0,0,0,0,0,0,0,0,0,0,0,0,0,0,4000,0,0,4000,0,4000,0,0,0,0,0,4000,0,0,0,0,0,0,0,0,0,0,0,4000,0,0,0,0,0,0,4000
0.0035256,0.0022209,0.0022263,0.0044218,0.0033634,0.0016283,0.0027355,0.0011996,0.0020001,0.0046346,0.002706,0.0043911,0.0050189,0.0022308,0.0014542,0.00322,0.001583,0.00093681,0.0048833,0.0033294,0.0030342,0.003014,0.0038991,0.0037059,0.0038556,0.0043454,0.0016496,0.0014198,0.0031291,0.0043202,0.0021621,0.0021714,0.0021391,0.0011356,0.0034339,0.0027393,0.0021134,0.0021809,0.0033912,0.0020518,0.0014776,0.0048161,0.0028045,0.0012804,0.0025501,0.0025682,0.0021046,0.0017678,0.0074083,0.0023203,0.0040702,0.0026112,0.002333,0.0037114,0.0035758,0.00080335,0.0011485,0.0034486,0.0041018,0.0047521,0.0037998,0.0026617,0.0046789,0.0030716,0.0025787,0.0060142,0.0088372,0.0054018,0.007295,0.0037212,0.0018328,0.0035338,0.0013791,0.0036377,0.0015546,0.0029628,0.0017377,0.0030186,0.0049122,0.0011953,0.0020528,0.0035253,0.0019718,0.0014942,0.0029324,0.0023708,0.002266,0.0037088,0.0042501,0.0029002,0.002269,0.0027353,0.001183,0.0015907,0.0027644,0.0037574,0.0025898,0.0022471,0.00096391,0.0050067,0.0015089,0.0019474,0.0022611,0.0027526,0.0024666,0.0024086,0.002466,0.0018319,0.0038659,0.0026682,0.0025128,0.001248,0.0064222,0.0027148,0.0042505,0.0034393,0.0044523,0.0015313,0.0026439,0.0015304,0.0043985,0.0031906,0.0040088,0.0010588,0.0033778,0.006022,0.0018604,0.002917,0.0019244,0.0032427,0.0015237,0.0037343,0.0053173,0.0039873,0.001186,0.0021919,0.0023376,0.0038166,0.0044439,0.0045957,0.003228,0.0029869,0.0016147,0.003462,0.0025296,0.0010026,0.0030064,0.0014202,0.0019642,0.00088786,0.0030237,0.0019906,0.004992,0.003514,0.0041478,0.0040096,0.0027669,0.0009191,0.0012899,0.0019303,0.0017102,0.0027397,0.0043417,0.0030106,0.0031585,0.0037657,0.0039049,0.0022824,0.0030332,0.0016452,0.0053016,0.0026227,0.0010702,0.0039645,0.0014352,0.007322,0.0034063,0.0054817,0.0033272,0.0038197,0.0016189,0.0053938,0.0023228,0.0042308,0.0040973,0.0063237,0.0021774,0.0032373,0.0015285,0.0024331,0.0025556,0.0034366,0.0045822,0.0027257,0.0021329,0.0070546,0.0018478,0.0034937,0.0030657,0.0042958,0.0042866,0.0023908,0.002697,0.0045413,0.0013916,0.0028623,0.0033754,0.0062749,0.0035311,0.0030715,0.0037654,0.0025876,0.0062631,0.0088151,0.0058497,0.0026948,0.0023626,0.0020641,0.0010636,0.0039402,0.0087938,0.0093634,0.0039313,0.0062155,0.0052245,0.0035528,0.0026507,0.0067588,0.0082604,0.0066407,0.011278,0.0063646,0.0081543,0.0037435,0.0086409,0.0090194,0.0063287,0.016135,0.010726,0.006457,0.014637,0.015009,0.0092286,0.012655,0.008807,0.0043069,0.0085949,0.005717,0.010457,0.013211,0.027342,0.012894,0.016008,0.017984,0.01361,0.0042949,0.006805,0.0088914,0.020846,0.018206,0.0041217,0.014993,0.023589,0.03237,0.0077578,0.025774,0.04279,0.013433,0.012096,0.012306,0.015766,0.019803,0.025057,0.020412,0.021033,0.038769,0.028556,0.023274,0.017071,0.017895,0.045745,0.019146,0.018035,0.026311,0.017973,0.012211,0.043144,0.047193,0.025055,0.076426,0.048908,0.012514,0.021475,0.064136,0.037035,0.043741,0.030839,0.043034,0.037792,0.041831,0.018991,0.04032,0.040971,0.049301,0.044798,0.11086,0.084405,0.090855,0.11585,0.12831,0.08389,0.079533,0.030551,0.064051,0.052688,0.031141,0.021626,0.042716,0.044494,0.035051,0.027687,0.07125,0.091467,0.074077,0.055862,0.036487,0.061676,0.027913,0.11619,0.023721,0.068477,0.022819,0.035082,0.11805,0.038827,0.02928,0.024049,0.034957,0.054335,0.031998,0.053701,0.028841,0.029741,0.017092,0.041618,0.028847,0.033878,0.02941,0.034229,0.079804,0.037742,0.040592,0.0341,0.024674,0.026425,0.017353,0.037813,0.063903,0.025105,0.054997,0.027739,0.033039,0.026045,0.020732,0.061847,0.022293,0.076792,0.035618,0.045734,0.11591,0.069474,0.091372,0.027658,0.063407,0.037068,0.065792,0.034408,0.022551,0.055797,0.068178,0.07006,0.036545,0.066021,0.12764,0.085661,0.05528,0.051813,0.052603,0.029366,0.082458,0.050189,0.08265,0.092493,0.1205,0.080497,0.071362,0.17316,0.65059,0.6269,0.35378,0.30005,0.25697,0.060299,0.188,0.10675,0.25944,0.24608,0.32436,0.19262,0.12441,0.12846,0.2403,0.38276,1.6221,1.7109,0.92718,0.62381,0.46879,0.45192,0.23892,0.26,1.4261,1.2361,0.82763,0.34788,0.45207,0.29287,0.29675,0.41682,2.2181,1.5039,0.75899,0.72538,0.30732,0.37179,0.2755,0.12645,1.3254,0.87893,0.41155,0.32173,0.34499,0.51275,0.28934,0.35867,0.86531,0.95631,0.55713,0.28738,0.33937,0.71732,0.34112,0.25073,0.54131,1.0958,0.66536,0.39958,0.27898,0.34826,0.19136,0.11654,0.25149,0.84075,0.58218,0.27525,0.15012,0.10622,0.10647,0.071759,0.061915,0.22618,0.18242,0.063683,0.027614,0.018399,0.05562,0.045545,0.021241,0.020695,0.038687,0.014783,0.059111,0.032337,0.021917,0.020485,0.040552,0.048001,0.020923,0.03762,0.033878,0.03564,0.020896,0.023638,0.044673,0.028154,0.04715,0.025923,0.015891,0.023277,0.023752,0.010337,0.020768,0.022244,0.017699,0.030598,0.040076,0.011408,0.0077107,0.0069729,0.024844,0.019611,0.019166,0.016751,0.014358,0.011704,0.015474,0.03203,0.031404,0.028563,0.019868,0.064148,0.11735,0.036489,0.06493,0.096273,0.11958,0.030441,0.057567,0.050777,0.02325,0.026704,0.11929,0.2016,0.19884,0.10106,0.077003,0.039337,0.038736,0.083239,0.051526,0.069624,0.12974,0.13039,0.12597,0.11529,0.073231,0.017141,0.028339,0.099681,0.098873,0.11186,0.090798,0.086939,0.23144,0.097179,0.042645,0.028905,0.016027,0.02755,0.076477,0.060574,0.037643,0.045452,0.12804,0.066342,0.0499,0.033263,0.022762,0.018557,0.014852,0.018892,0.039009,0.018591,0.021746,0.022853,0.026226,0.029893,0.026896,0.011269,0.0066465,0.010593,0.017588,0.038554,0.032873,0.042707,0.026796,0.029854,0.026884,0.020988,0.014946,0.013415,0.023065,0.0045031,0.018446,0.027965,0.031203,0.018722,0.01914,0.033746,0.011736,0.025258,0.007489,0.0053335,0.023596,0.021263,0.01146,0.023836,0.017603,0.039939,0.017774,0.017666,0.0088458,0.0074307,0.012796,0.028677,0.02825,0.014981,0.0087368,0.054023,0.054571,0.045763,0.028748,0.012015,0.028008,0.032637,0.02641,0.01054,0.011449,0.057051,0.053039,0.019875,0.009336,0.022058,0.025124,0.018219,0.021442,0.018046,0.031069,0.019879,0.01354,0.0036762,0.023473,0.0093506,0.0087281,0.013259,0.012527,0.016278,0.036638,0.013501,0.015632,0.0074605,0.012102,0.015746,0.012278,0.0052767,0.0018855,0.010734,0.010771,0.019988,0.012806,0.0085292,0.010746,0.003847,0.0061577,0.0073681,0.0069627,0.012759,0.0074456,0.001626,0.0015393,0.0046411,0.0045565,0.0056104,0.0068513,0.0014682,0.0024703,0.0056965,0.0048916,0.0056924,0.0057889,0.0040277,0.0066236,0.0064561,0.0017831,0.0040776,0.004374,0.0027726,0.0070136,0.0070759,0.0039313,0.0044651,0.0066225,0.004438,0.0067055,0.0023762,0.0052029,0.0035971,0.0024059,0.0054602,0.0049096,0.0065504,0.0035081,0.0026375,0.0036119,0.0020097,0.0047163,0.0035277,0.0054716,0.0023957,0.0064152,0.0040655,0.0046618,0.0020763,0.0022769,0.0045898,0.0026239,0.0072134,0.0021194,0.0056982,0.0023164,0.0024352,0.0052405,0.0015213,0.0025774,0.0023315,0.0012872,0.0038907,0.00079263,0.0051686,0.0013104,0.0014804,0.002653,0.0016345,0.0016484,0.0012967,0.0016494,0.0041047,0.0054785,0.0021089,0.0015325,0.0021179,0.0030129,0.0032363,0.0024676,0.0011187,0.0016995,0.0066777,0.0043881,0.0019536,0.0032869,0.0045693,0.004166,0.0038293,0.0028067,0.0019213,0.0050246,0.002871,0.0021712,0.0047978,0.0013571,0.0011107,0.0041875,0.0016032,0.0026622,0.0062945,0.0050441,0.0057562,0.0042373,0.0031058,0.0012993,0.0040826,0.0026659,0.0047391,0.0014158,0.002799,0.0012485,0.004543,0.0024675,0.0007785,0.0031366,0.0027406,0.0026348,0.0025812,0.0017137,0.0037121,0.0025646,0.0048347,0.002389,0.0026047,0.0026319,0.0035188,0.0013063,0.0032773,0.0035037,0.0036873,0.0040646,0.0055752,0.0035961,0.0032573,0.0035558
0.0045519,0.0024751,0.0037725,0.0048285,0.0014188,0.00054216,0.0025006,0.0018034,0.0025515,0.0035773,0.0023151,0.0010279,0.002044,0.003595,0.0028375,0.0029234,0.0017442,0.00073307,0.0042926,0.0040334,0.0017352,0.002893,0.003803,0.0037274,0.0019495,0.0036753,0.0031332,0.0040019,0.0023879,0.0013436,0.0029987,0.0021975,0.0022544,0.0013089,0.0017741,0.0031564,0.0052314,0.0016847,0.0052843,0.0039379,0.0016459,0.0049425,0.0029508,0.0029562,0.0015219,0.0024272,0.0032269,0.0034337,0.0029118,0.0036572,0.0035558,0.0010719,0.00099797,0.0013571,0.0016122,0.0027177,0.0017563,0.0017087,0.0051048,0.0028484,0.006025,0.0034245,0.0018569,0.0038282,0.0058195,0.0027866,0.0049556,0.0031327,0.0046662,0.0030044,0.0027066,0.0047106,0.0021885,0.0033715,0.0027621,0.0015941,0.0021825,0.006277,0.0026572,0.00098302,0.0017704,0.005384,0.0031815,0.0035044,0.0060446,0.0017223,0.0047988,0.0048957,0.0017873,0.0017747,0.0037208,0.0039618,0.0029056,0.0033067,0.0031684,0.0010568,0.00099018,0.0014379,0.0026585,0.0017037,0.0028427,0.0031998,0.003868,0.0028692,0.0036848,0.0036872,0.0029756,0.0059691,0.0023036,0.0015578,0.0035474,0.0018965,0.0024076,0.0027338,0.0018468,0.0040338,0.0031902,0.0036617,0.0025884,0.0027862,0.0026767,0.0027801,0.0041952,0.0044707,0.0031475,0.0040801,0.0047775,0.001891,0.0017884,0.0022515,0.0014318,0.0041322,0.0061615,0.0077117,0.0016338,0.0024921,0.0015223,0.0033073,0.0039036,0.0012429,0.0045926,0.0012015,0.0012654,0.0020749,0.0043082,0.0029361,0.0027499,0.0026711,0.0018375,0.0024716,0.0059991,0.005682,0.0047968,0.0019751,0.0017804,0.0047894,0.0022173,0.0017174,0.00093067,0.0013224,0.0042227,0.0048417,0.00060113,0.0030316,0.0012161,0.0021575,0.0020751,0.0014121,0.0052444,0.0021988,0.0016922,0.0028095,0.0016866,0.0028074,0.0053842,0.0060899,0.0024941,0.0032612,0.0027869,0.0025584,0.0039627,0.0034857,0.0026086,0.0053209,0.0032423,0.0010283,0.0023434,0.0027887,0.0072608,0.0011372,0.0042135,0.0022947,0.00099416,0.0028493,0.0028535,0.0026819,0.0041069,0.0032033,0.0042522,0.0040388,0.0024849,0.0021581,0.0021353,0.0035064,0.0026461,0.0015593,0.0030377,0.0063815,0.0015334,0.002793,0.0024956,0.0017513,0.0038886,0.0063643,0.0056077,0.0084003,0.0026984,0.0035575,0.0025243,0.0029629,0.0093037,0.0038197,0.004135,0.0038863,0.0042115,0.0040696,0.0044247,0.0038733,0.0039592,0.0057313,0.0076643,0.0036961,0.008196,0.0092349,0.012875,0.0040382,0.0066499,0.014981,0.0052575,0.0031145,0.0069446,0.01756,0.0083537,0.0042681,0.0044552,0.01554,0.026833,0.012016,0.012666,0.0081277,0.0060102,0.0038953,0.010003,0.019332,0.012438,0.011262,0.025675,0.0078605,0.01928,0.0038393,0.0028924,0.023651,0.034273,0.023989,0.012765,0.0075722,0.018538,0.023749,0.023907,0.019086,0.045983,0.0080816,0.018544,0.016885,0.0086123,0.027815,0.030659,0.027799,0.012567,0.023643,0.022446,0.035296,0.0097935,0.0089233,0.020585,0.015591,0.01462,0.012641,0.023437,0.012856,0.014913,0.034064,0.02945,0.037951,0.0084009,0.019275,0.03209,0.02677,0.038223,0.044607,0.023169,0.051923,0.030575,0.014843,0.023075,0.046553,0.025307,0.012739,0.019568,0.028984,0.064314,0.06475,0.076683,0.071019,0.077714,0.014773,0.034556,0.050697,0.021532,0.058767,0.069414,0.033918,0.044029,0.068253,0.060365,0.025327,0.032563,0.088869,0.057498,0.045477,0.079518,0.016096,0.029348,0.058437,0.037324,0.078616,0.0072577,0.033075,0.070752,0.030609,0.021881,0.033453,0.01432,0.022967,0.043128,0.022512,0.023671,0.041135,0.023917,0.070415,0.023341,0.033602,0.038754,0.018112,0.020445,0.023526,0.011913,0.018267,0.023583,0.038417,0.037215,0.016872,0.041547,0.051831,0.035225,0.052952,0.011852,0.013493,0.049199,0.1076,0.015216,0.029232,0.032792,0.038168,0.029495,0.047182,0.092651,0.085879,0.040979,0.055143,0.11466,0.054846,0.050969,0.037099,0.1765,0.093444,0.015959,0.017642,0.024938,0.13778,0.03597,0.13167,0.1268,0.054911,0.023089,0.091126,0.16595,0.48099,0.1567,0.25906,0.23053,0.18622,0.23663,0.11729,0.065196,0.093458,0.091465,0.044187,0.18162,0.23659,0.090643,0.095939,0.55818,0.1921,0.96629,0.61961,0.28182,0.31932,0.2951,0.21505,0.94857,1.5448,0.47454,0.36542,0.37889,0.29707,0.18695,0.11154,0.45589,1.158,0.76942,0.42545,0.28346,0.21834,0.2629,0.056393,0.4319,1.0031,0.4668,0.054678,0.14098,0.2604,0.21973,0.25413,0.13285,0.57075,0.54418,0.25055,0.15539,0.16869,0.30219,0.2506,0.16309,0.52409,0.26749,0.21104,0.16149,0.11669,0.14461,0.10965,0.19151,0.33283,0.56672,0.29711,0.16975,0.11641,0.065281,0.062312,0.046688,0.097266,0.1971,0.17366,0.066895,0.039511,0.014701,0.063415,0.056043,0.016297,0.018253,0.056522,0.068633,0.05042,0.025868,0.017536,0.027492,0.016766,0.0257,0.026978,0.019711,0.03945,0.025416,0.02698,0.022063,0.011239,0.029732,0.011506,0.016248,0.027622,0.034624,0.02011,0.011053,0.0085461,0.029786,0.0062555,0.01686,0.0076752,0.031423,0.021721,0.024223,0.019637,0.037918,0.024476,0.0079591,0.022796,0.0052668,0.0054619,0.023539,0.0071825,0.014092,0.015275,0.057336,0.12562,0.097755,0.078512,0.059517,0.072728,0.028943,0.038944,0.0336,0.051535,0.047202,0.088885,0.10176,0.058805,0.026946,0.021568,0.010496,0.013442,0.067817,0.042262,0.053262,0.025095,0.070951,0.041485,0.052959,0.031948,0.039741,0.01206,0.06631,0.10142,0.048925,0.025597,0.15345,0.20529,0.13615,0.025372,0.014181,0.02058,0.016125,0.046153,0.04528,0.025087,0.029817,0.047887,0.085758,0.076448,0.034774,0.021949,0.0157,0.0067916,0.0084312,0.042949,0.017832,0.0065605,0.0065657,0.017665,0.016579,0.018661,0.012951,0.0058461,0.0099901,0.0055444,0.017089,0.019583,0.01297,0.0069398,0.028011,0.029086,0.010532,0.0085861,0.0095812,0.0060635,0.005391,0.0062539,0.0067376,0.0095643,0.01061,0.012449,0.016613,0.018739,0.010745,0.0032552,0.011595,0.01332,0.01027,0.0061905,0.0051879,0.014785,0.014897,0.020911,0.012453,0.0011573,0.0076765,0.0096078,0.006962,0.0055369,0.013717,0.0061098,0.021218,0.027487,0.021893,0.012081,0.0093013,0.01038,0.015143,0.0088621,0.017324,0.0074889,0.020068,0.028289,0.033796,0.014926,0.015522,0.010549,0.018591,0.0056258,0.0052466,0.0079083,0.0049785,0.0091254,0.013508,0.012006,0.0058212,0.0028002,0.0035445,0.007207,0.0075798,0.012585,0.01577,0.0047229,0.0071685,0.0059911,0.0056908,0.0020038,0.0090039,0.0031675,0.0045206,0.0054756,0.0046358,0.0042295,0.0034053,0.0076808,0.0014482,0.0034855,0.0060833,0.0021415,0.00466,0.0052448,0.0032196,0.0022975,0.0039797,0.0024721,0.0033861,0.0030295,0.0018508,0.0047416,0.0065214,0.0027567,0.0029753,0.0037935,0.0031418,0.0036538,0.0022789,0.0023273,0.0017732,0.0015303,0.0025796,0.0033701,0.0047838,0.002481,0.0037548,0.0043825,0.0029063,0.0047584,0.0040067,0.0043455,0.0056694,0.0035065,0.0029744,0.0030771,0.0012632,0.0018693,0.0020789,0.0032946,0.0040538,0.0028603,0.0026258,0.003399,0.0014854,0.0020962,0.0049626,0.001227,0.0051965,0.0061719,0.0017471,0.0046689,0.0028275,0.0015636,0.0026459,0.0028242,0.0030389,0.0025597,0.0051778,0.0032817,0.0042632,0.0020268,0.0041813,0.0038914,0.0022547,0.0028464,0.0036572,0.0009693,0.0016545,0.0024023,0.0016638,0.0010848,0.0034493,0.0020681,0.00052275,0.0023174,0.0029003,0.0067954,0.0044074,0.0049866,0.0049288,0.001204,0.0027373,0.0014608,0.0043709,0.0034594,0.0026733,0.005329,0.0031655,0.0021486,0.0042651,0.0047754,0.004351,0.0025344,0.0038996,0.0030516,0.0033304,0.003087,0.0032638,0.002307,0.0029988,0.0040358,0.003703,0.0031743,0.0032256,0.0025168,0.0037958,0.0013662,0.0040042,0.0015148,0.0029175,0.0014341,0.0042723,0.0047113,0.0044219,0.0035164,0.0016564,0.0024091,0.0023369,0.0026711,0.003048,0.00063591,0.0042416,0.0049364,0.0056465,0.00099464,0.0020131,0.00074181,0.0023353,0.006385,0.0063711,0.00079445,0.0037993,0.0021489,0.001902,0.0022572
0.0029424,0.0019028,0.0016538,0.0022474,0.0010394,0.0027168,0.0028151,0.00042062,0.0019527,0.0008638,0.0049663,0.0025583,0.0024522,0.0015424,0.0020314,0.004972,0.004067,0.0012826,0.0012358,0.003914,0.0031079,0.0024054,0.0030008,0.0031855,0.0016207,0.003517,0.0021263,0.0022872,0.0043899,0.0031307,0.0018669,0.0034884,0.001128,0.0027183,0.0018139,0.0047584,0.0023789,0.0034644,0.0055651,0.0056366,0.0010302,0.0015245,0.0023045,0.0018944,0.0025235,0.0020001,0.0019222,0.0066867,0.0043203,0.0042032,0.0019349,0.0037701,0.0042871,0.0028439,0.0024569,0.0025115,0.0043145,0.0063813,0.00069082,0.0023886,0.0037672,0.003782,0.0014326,0.0099933,0.0041013,0.0049014,0.0031908,0.0037517,0.0039929,0.00279,0.0050146,0.0085261,0.0011707,0.0046965,0.0031309,0.0024575,0.0011841,0.0023367,0.0023196,0.0016541,0.0036692,0.0025036,0.0012304,0.0032721,0.0016425,0.0018215,0.0034363,0.0010012,0.0021282,0.0009279,0.0025786,0.0051742,0.0019141,0.0085383,0.0035342,0.0024739,0.002423,0.0044781,0.001988,0.0024892,0.0024823,0.0022688,0.0017835,0.0039154,0.0033759,0.0042141,0.0046069,0.0047744,0.0023191,0.0043351,0.0015514,0.0033506,0.0023475,0.0017259,0.0032708,0.0024906,0.0037767,0.0025187,0.0019888,0.0053315,0.0021564,0.0029691,0.0035474,0.0018431,0.005448,0.0075395,0.0043192,0.002878,0.0022736,0.0016086,0.0031249,0.00505,0.0025541,0.0053799,0.0020411,0.004715,0.0014791,0.0012964,0.0043189,0.0042103,0.0050274,0.0035176,0.0026673,0.0019547,0.0029855,0.0024232,0.001891,0.0034757,0.001263,0.0016919,0.0023518,0.002916,0.0020157,0.0032979,0.0031579,0.003191,0.00067328,0.0011429,0.0014888,0.0012176,0.0034887,0.004484,0.0030382,0.0010006,0.0014492,0.0042371,0.002697,0.0032329,0.0012326,0.0043025,0.0041035,0.0050538,0.0040657,0.00056188,0.0026714,0.0029423,0.0035911,0.0047673,0.0018699,0.001574,0.0039637,0.0056233,0.002416,0.0038516,0.0014605,0.0024735,0.0022671,0.0038572,0.0040693,0.0016112,0.0036703,0.001413,0.0025613,0.0044276,0.0036793,0.0021204,0.0038937,0.0022124,0.006231,0.0049126,0.0035602,0.003129,0.0029232,0.0034235,0.0040043,0.0052427,0.0047949,0.0077034,0.0053486,0.0025795,0.0039657,0.0030947,0.0084293,0.0063636,0.0033101,0.0042141,0.0023634,0.0024391,0.0017609,0.0070686,0.0101,0.0030347,0.0058631,0.0024363,0.0042702,0.0013013,0.010286,0.0037145,0.0075869,0.0071987,0.006048,0.0058476,0.0077307,0.0038944,0.0089674,0.0093807,0.0064645,0.013542,0.0082237,0.019079,0.0067447,0.0091474,0.0058382,0.011758,0.0097605,0.011019,0.011832,0.018592,0.0084019,0.027317,0.014492,0.015849,0.011742,0.023407,0.012689,0.0083999,0.012988,0.024392,0.016973,0.014281,0.0084556,0.017459,0.018029,0.0085333,0.02471,0.014409,0.031476,0.020918,0.028486,0.038524,0.025874,0.042976,0.0067066,0.021386,0.0068069,0.024126,0.022165,0.054519,0.022979,0.021191,0.030226,0.019838,0.0092761,0.019544,0.028195,0.019309,0.047395,0.033803,0.01993,0.02799,0.040704,0.045141,0.021114,0.042024,0.042335,0.042783,0.04915,0.058474,0.022569,0.045692,0.013507,0.056236,0.051783,0.04553,0.029577,0.070404,0.019477,0.040409,0.026191,0.065331,0.038588,0.092438,0.092204,0.066918,0.034302,0.05114,0.029414,0.06465,0.044115,0.13901,0.030248,0.087229,0.062508,0.097494,0.12132,0.10378,0.047347,0.060291,0.071551,0.13181,0.071419,0.040037,0.10576,0.03628,0.041259,0.065111,0.042778,0.015745,0.082728,0.024099,0.044869,0.059641,0.061252,0.010208,0.016368,0.060194,0.065302,0.016816,0.069661,0.10361,0.033268,0.08932,0.069801,0.05407,0.072058,0.045978,0.043442,0.013016,0.038172,0.063022,0.04254,0.043099,0.021914,0.042597,0.060071,0.024707,0.053281,0.027047,0.065229,0.043714,0.038619,0.055788,0.086472,0.048285,0.015991,0.047354,0.10356,0.050709,0.027911,0.042915,0.024196,0.039083,0.02751,0.079182,0.051194,0.041798,0.026741,0.078552,0.13392,0.022787,0.030581,0.14053,0.085743,0.074142,0.041382,0.037544,0.13346,0.36435,0.34118,0.10361,0.065116,0.1564,0.14049,0.078089,0.091931,0.078719,0.19389,0.18059,0.066025,0.076178,0.059219,0.13351,0.20992,1.1072,0.46723,0.30372,0.21575,0.17475,0.14396,0.19472,0.31789,1.3873,0.2451,0.16004,0.42042,0.3255,0.11769,0.22184,0.17492,0.26037,0.45223,0.25109,0.17322,0.41629,0.40923,0.18038,0.23352,0.89085,0.1411,0.3388,0.10973,0.16432,0.18941,0.191,0.1735,0.91469,0.32826,0.10518,0.067241,0.18555,0.20592,0.26812,0.23818,0.23484,0.23844,0.18988,0.093761,0.10138,0.22293,0.21381,0.14738,0.15285,0.45255,0.16597,0.072666,0.021944,0.12278,0.1035,0.057266,0.052705,0.044358,0.067948,0.018445,0.012433,0.009775,0.040267,0.029959,0.027475,0.03137,0.021352,0.071036,0.013108,0.028413,0.03932,0.019932,0.043302,0.055244,0.042951,0.021099,0.01649,0.020795,0.018136,0.020355,0.013024,0.056728,0.028524,0.055656,0.035916,0.026158,0.018349,0.023273,0.020301,0.015015,0.029495,0.027798,0.01646,0.02972,0.013218,0.013345,0.032499,0.014961,0.021091,0.0060642,0.014074,0.0092081,0.020663,0.016263,0.0092594,0.010294,0.0066752,0.081208,0.23946,0.11643,0.047709,0.058971,0.048869,0.030696,0.047825,0.011684,0.057608,0.044591,0.05424,0.11615,0.1103,0.022931,0.068528,0.043686,0.04092,0.089816,0.049593,0.055991,0.074307,0.051213,0.063547,0.077547,0.06103,0.022994,0.013492,0.078819,0.084134,0.070855,0.038239,0.14543,0.13493,0.10607,0.07142,0.017041,0.003043,0.015881,0.049013,0.049164,0.039178,0.027327,0.02754,0.13589,0.054042,0.014242,0.010613,0.015839,0.01982,0.0059007,0.026691,0.036344,0.039916,0.030936,0.02257,0.017634,0.0090511,0.0038008,0.0021181,0.004186,0.015312,0.058105,0.035034,0.017981,0.050921,0.025918,0.022056,0.0033112,0.015782,0.020386,0.0036733,0.013505,0.029431,0.0087561,0.026797,0.028185,0.025746,0.022115,0.010482,0.011157,0.002602,0.0049884,0.028009,0.011488,0.030764,0.0027383,0.033034,0.017738,0.0429,0.026066,0.0056513,0.0098122,0.0051392,0.021261,0.010747,0.013696,0.015005,0.016019,0.034514,0.027719,0.026878,0.0087662,0.012591,0.036473,0.015619,0.022928,0.01505,0.017924,0.011908,0.015493,0.0053436,0.010606,0.0065468,0.021712,0.0078226,0.0038267,0.011977,0.023428,0.014611,0.010121,0.022266,0.013493,0.00639,0.0031769,0.013266,0.0093356,0.0051686,0.0026775,0.0045672,0.017738,0.0036774,0.014731,0.0041702,0.010124,0.0031419,0.0098104,0.02078,0.0060475,0.012736,0.0070172,0.0025055,0.0024393,0.008969,0.010792,0.00478,0.0039936,0.0079631,0.0037032,0.001702,0.0071839,0.0037565,0.0099747,0.0023139,0.0032294,0.0014577,0.0028073,0.0012977,0.0043391,0.0014322,0.0027532,0.0040421,0.0024256,0.0011807,0.0027507,0.0031469,0.0029041,0.0036957,0.0029541,0.0047059,0.0066483,0.0040156,0.0021657,0.004297,0.0038958,0.0022824,0.0020457,0.0048034,0.0030131,0.0038667,0.0049242,0.0039961,0.0034343,0.0066617,0.0055068,0.003013,0.0019355,0.0055063,0.0022199,0.0024246,0.0020439,0.0016715,0.0016318,0.0016399,0.00096512,0.00082989,0.0045091,0.0021462,0.0040139,0.0014498,0.004961,0.00096552,0.0034613,0.0018575,0.0064122,0.0044054,0.0047153,0.0031465,0.0055271,0.0055456,0.0038795,0.0026704,0.0030466,0.0046351,0.0029507,0.0010605,0.0043676,0.001515,0.0019477,0.0025123,0.0016073,0.0026994,0.0015251,0.0025677,0.00195,0.0022958,0.0053683,0.0028877,0.0019841,0.0036838,0.002634,0.0023729,0.0028786,0.0013247,0.0032114,0.0028207,0.0038482,0.0010515,0.0039775,0.0034919,0.0012774,0.0028422,0.0024235,0.0045328,0.0050537,0.0010829,0.0019418,0.0013429,0.0018609,0.001918,0.0029647,0.0024289,0.0025627,0.0022204,0.0018838,0.0024396,0.0019982,0.0017456,0.0048957,0.0014724,0.0051778,0.0025655,0.0010639,0.0007728,0.0066351,0.0025565,0.0023973,0.0013143,0.0020419,0.0060191,0.0022007,0.0020038,0.0030637,0.003975,0.0032781,0.0028113,0.0028891,0.0039872,0.0023881,0.0081545
0.0029803,0.0054549,0.0022316,0.0041638,0.0021407,0.0034663,0.0007003,0.00094677,0.0019143,0.0051973,0,0,0,0.00084423,0.0007465,0.002388,0.0026068,0.0013957,0.0045844,0.0014601,0.0050451,0,0.0026201,0,0.0013986,0.0018242,0,0.0014625,0.0039359,0.0036031,0.0013522,0.0028335,0.0024619,0.0025923,0.002161,0.0028165,0.0032666,0.00066911,0.0035639,0.0059486,0.0064487,0.0026178,0.0017692,0.0027993,0.0046153,0,0.0053109,0.00061847,0,0.002222,0.0029533,0.0025664,0.0024054,0,0.0037989,0.0011976,0.0033198,0,0.00045658,0.0018855,0.0048292,0.0012861,0.0014056,0.0033535,0.0094379,0.0029211,0.0045552,0.004061,0.0027082,0.0036112,0.0044228,0.0015078,0.0020287,0.0017117,0.0008652,0.0013965,0.0019118,0.0005153,0.0019232,0.00072153,0.001049,0.0023031,0.001455,0,0.00064051,0.00063471,0.00079448,0.0025206,0.00042024,0.00098845,0.00081093,0.002808,0,0.0016344,0.0039169,0.0043019,0.005765,0.0017494,0.0030543,0.0017551,0,0.0012317,0.0025509,0,0.0030727,0.0014109,0,0,0.003339,0.00098926,0,0.0011769,0.0011124,0.0022959,0.0015014,0.00075387,0.0052257,0.0043543,0.0024956,0.0010806,0,0.0017751,0.0025437,0.00068703,0.0065741,0,0,0.0015952,0.0017197,0.0015737,0.0011087,0,0.0025935,0.0021409,0,0,0.0027525,0,0,0.0022323,0.00053487,0,0.001065,0.0013058,0.00063027,0.0014955,0.0019139,0.0010029,0.0020178,0.00094726,0.0016452,0.0015967,0.0033764,0,0.00043896,0.0050833,0,0.0019546,0.0011023,0,0.0029899,0.00081152,0.00093585,0.0022865,0.000502,0.0016773,0.0013459,0.0044322,0.0034808,0.0020074,0.0027431,0.0023996,0.00042229,0.0041615,0.003403,0.0044076,0.0072647,0,0.0030208,0,0.0013861,0,0,0.0019783,0,0.0014323,0.00072511,0.00065161,0.0012949,0.001195,0.0029207,0.0024207,0.0025495,0.002627,0.002399,0.0063425,0.0011105,0,0.0031045,0,0.0063987,0,0.00096403,0.0058997,0,0.0043813,0.0071326,0.0032093,0.005703,0.0062072,0,0,0.001256,0,0.0051225,0.0023605,0.0024672,0.0062771,0.0042935,0,0.0016453,0.0060535,0.010371,0.0079624,0.0080362,0.0009023,0.0029647,0.0090244,0,0.020026,0.0029249,0.0084093,0.0043814,0,0.0088579,0.0066324,0.012174,0,0.010956,0.017051,0.014271,0.01431,0.0047109,0.009557,0.004387,0.0057043,0.010339,0.0071581,0.015861,0.0089923,0.0084386,0.015881,0.025066,0.0043088,0.02181,0,0.018167,0.0044887,0.0035205,0.012737,0.010411,0.0034392,0.0084569,0,0.014364,0.014805,0.027828,0.054089,0.041827,0.028727,0,0.016169,0.0036637,0.018447,0.012332,0.011228,0,0.025881,0.023324,0.017672,0.037513,0.020963,0.031092,0.017795,0.034839,0.043781,0.023344,0.037344,0.058707,0.03549,0.021227,0.056965,0.057257,0.033681,0.013943,0.057204,0.037242,0.0057454,0.037441,0.022291,0.025166,0.011749,0.019755,0.047036,0.054412,0.079797,0.051921,0.017708,0.034707,0.10402,0.026576,0.11336,0.089538,0.051604,0.0079352,0.044119,0.033404,0.051029,0.045961,0,0.019988,0.019111,0.078203,0.055476,0.1056,0,0.0098333,0,0.026391,0.069492,0.033012,0.05796,0.094813,0.071315,0,0.011697,0.019908,0.051089,0.025196,0.068005,0.064557,0.011218,0,0.03559,0,0.041722,0.060834,0.051858,0.014929,0.095222,0.036474,0.056631,0.052167,0,0.012995,0.042041,0,0.078218,0.0083973,0.015629,0.054808,0.013836,0.045453,0.014599,0.023672,0.058257,0.045403,0.026842,0.018172,0.081662,0.077116,0.041612,0.093165,0.046415,0.077889,0.13422,0,0,0.024751,0,0.038732,0.13239,0.099489,0.035619,0.074608,0.050031,0,0.067725,0.074664,0.093808,0.17267,0.12992,0.11184,0.14763,0.048294,0.065811,0.1023,0.56754,0.24107,0.17427,0.10896,0.093915,0.15877,0.10236,0.058173,0,0.25059,0.2057,0.03105,0.18814,0.15467,0.033526,0.74798,1.1189,0.64678,0.24657,0.4676,0.29231,0.21616,0.079066,0.25348,0.22582,0.69823,0.32063,0.053201,0.053464,0.05082,0.0934,0.7274,0.94273,0.69965,0.28923,0.19988,0.67726,0.38901,0.12783,0.5218,0.31658,0.50928,0.19282,0.082548,0.11235,0.090226,0.053408,0,0,0.83498,0.36821,0.11636,0.18269,0.1016,0.14611,0,0.51689,0.61683,0.51322,0.30325,0.090752,0.069611,0.07092,0.11729,0.16174,0.10993,0.3294,0.27293,0.15331,0.021287,0,0.020314,0.023653,0.06396,0.017615,0.015857,0.0034689,0,0.010948,0.02309,0.022015,0.0091182,0.011374,0.0093456,0.030629,0.026742,0.012808,0.016625,0.040604,0,0.035316,0.021084,0.013566,0.010302,0.02564,0.022412,0.03512,0.029151,0.02388,0.037957,0.008,0.038586,0.0031309,0.028906,0.0063288,0.032438,0.0074922,0,0.023735,0.027479,0.0092112,0.017373,0,0.042872,0.032545,0.010203,0.011328,0.010419,0.0076302,0.016274,0.0065784,0.0064676,0.012679,0.053583,0.055955,0.024782,0.016395,0.09325,0.072646,0.02209,0,0.032836,0.015666,0.011376,0.03957,0.033705,0.031796,0.11378,0,0.005342,0.0078816,0.026783,0.044773,0.030817,0.028769,0.073803,0.017588,0.015464,0.0082909,0.049336,0.0088096,0,0.13787,0,0.10845,0.031387,0.029093,0,0.062049,0.026787,0.014763,0.011141,0.043024,0,0.034798,0.0062947,0.014104,0,0.0086486,0.0061406,0.023139,0.006561,0.0025105,0.0065578,0,0.012937,0.0092447,0,0.0070451,0,0.0075671,0.011835,0.0027812,0,0.004539,0.052381,0.03016,0.018281,0,0.03415,0.0091809,0.016369,0.0082051,0.015751,0.0053981,0.0032672,0.0027404,0.039524,0.0086724,0,0,0,0.020508,0.0085234,0.016715,0.0067198,0,0.02536,0.0020287,0.033925,0,0.032759,0.04533,0.025387,0.0052762,0,0.01155,0,0.022334,0.01418,0.016354,0.041522,0.047008,0.050092,0.022227,0.01702,0.033595,0,0.01244,0.0089532,0.022467,0.051897,0.040787,0.0068161,0.029393,0.019351,0.031181,0,0.019616,0.020967,0.020794,0.0032555,0.0054886,0.011222,0,0.0029094,0.013567,0.023985,0.01698,0.016918,0.027326,0.023009,0.0091893,0.0043666,0.0060407,0,0.010285,0.0038479,0.0036051,0.0080209,0.002115,0.015456,0.0060849,0,0.010692,0.0054968,0,0.001167,0.0016179,0.002667,0.0047636,0.0017338,0,0.0011755,0.0041652,0.0023154,0.0012657,0.0030785,0.0051573,0.0016137,0.0019995,0.0030229,0.0041498,0.0030616,0.0051857,0.0024652,0.0041606,0.0021814,0.0015609,0.0011301,0.0049466,0,0.0016576,0.00088768,0.0030831,0.0062976,0.0040472,0,0.00073985,0.0039993,0,0.0049468,0.0058148,0.0026352,0.00074476,0.0023457,0.0016869,0.0014719,0.0046448,0.0025291,0.0037308,0.0033589,0.00075379,0.0027516,0.0032872,0,0.00066776,0.00061504,0.0021047,0.002573,0.00054344,0,0.0012609,0.00095013,0,0.0021821,0.00088845,0.0012234,0.00599,0.0020313,0.0004114,0,0.0048137,0.0010368,0.0016364,0.00084199,0,0.00056666,0.0033692,0.0053889,0.0042202,0.0026944,0,0.00082929,0.0021964,0.003748,0.0028043,0.0018898,0.0014679,0,0.00099991,0.00076701,0.0017675,0.0013972,0.0034508,0.0024751,0.0035217,0.002077,0,0.00056057,0.0027055,0.0023247,0.0038292,0.0020734,0,0.00041286,0,0.0022723,0,0.0030866,0.0057414,0.0015075,0.0011559,0.0019038,0.001944,0.0028401,0.0021272,0.0021424,0.0027631,0.0043661,0.0024818,0.00063972,0.0017759,0.0012191,0.0011339,0.0012703,0.0028439,0.00094896,0,0.0029311,0.0014657,0,0,0.0027885,0.0033676,0.0031972,0.004872,0.0010736,0.0024925,0.0019012,0.0039492,0,0.0025531
0,0,0,0,0,0,0,0,0,0,0,0,0,0,0,0,0,0.00073267,0,0.00070816,0,0,0,0,0,0,0,0,0,0,0,0,0,0,0,0.001467,0.0007812,0,0,0,0,0,0,0,0,0,0,0,0,0,0.00046995,0,0,0,0,0,0,0,0,0,0,0,0,0,0,0,0,0,0,0,0,0,0,0,0,0,0.00077622,0,0,0,0.00049867,0,0,0,0,0,0,0,0,0,0,0,0,0,0.0012081,0,0,0.00068169,0,0,0,0.00052421,0,0,0,0,0,0,0,0,0,0,0,0,0,0,0,0,0,0,0,0,0.00085956,0,0,0,0,0.00090793,0,0,0,0,0,0,0,0,0,0,0,0,0,0,0,0,0,0,0,0.00048855,0,0.00047776,0,0,0,0,0,0,0,0,0.00036857,0,0,0,0,0,0,0.00038228,0,0,0,0,0,0,0,0,0,0,0,0,0,0,0,0,0,0,0,0.00067136,0,0,0,0,0,0,0,0,0.0014331,0,0,0,0,0,0,0,0,0,0,0,0,0,0,0,0,0,0,0,0,0,0.00087775,0,0,0,0,0,0,0,0,0,0,0,0,0,0,0,0,0,0,0.0026329,0.0022154,0,0,0,0,0,0,0,0,0,0,0,0,0,0,0,0,0,0,0,0,0,0,0,0.0022566,0,0,0,0,0,0,0,0,0,0,0,0,0,0,0,0,0,0.0097442,0,0,0,0,0,0,0,0,0,0,0.0098802,0.0063448,0,0,0.0065942,0,0,0,0,0,0,0,0,0,0,0,0,0,0.014524,0,0,0,0,0,0,0,0,0,0.013417,0,0,0,0,0,0,0,0,0,0,0.013021,0,0.020408,0,0,0,0,0,0,0,0,0,0.011992,0,0,0,0,0,0,0,0,0,0,0,0,0,0,0,0,0,0,0,0,0,0,0,0,0,0,0,0,0,0,0.0078643,0,0,0,0,0,0,0.022211,0,0.011767,0.014419,0,0,0,0,0,0,0,0,0,0,0,0,0,0,0,0,0,0,0,0,0,0,0.035114,0,0,0,0,0,0,0,0.15425,0,0,0.18869,0,0.13548,0,0,0,0,0,0,0,0,0,0,0.11362,0,0,0.094199,0,0,0,0,0,0,0,0,0,0,0.051849,0,0,0,0,0,0,0,0.046138,0,0,0,0,0,0,0,0.03879,0,0,0,0,0,0,0,0,0,0,0,0,0,0,0,0,0,0,0.0065376,0,0,0,0,0,0,0,0,0,0,0,0,0.0077798,0.0046534,0,0,0,0,0,0,0,0,0,0,0,0,0,0,0,0,0,0,0,0,0.0082929,0,0,0,0,0,0,0,0.01619,0,0.0084994,0,0,0,0,0,0,0,0,0,0,0,0,0,0,0,0,0,0,0,0,0,0,0,0,0,0,0,0,0,0,0,0,0,0,0,0,0,0,0,0,0,0,0,0,0,0,0,0,0,0,0,0,0,0,0,0,0,0,0,0,0,0,0,0,0,0,0,0,0,0,0,0,0,0,0,0,0,0,0,0,0,0,0,0,0,0,0,0,0,0,0,0,0,0,0,0,0,0,0,0,0,0,0,0,0,0,0,0,0,0,0,0,0,0,0,0,0,0,0,0,0,0,0,0,0,0,0,0,0,0,0,0,0,0,0,0,0,0,0,0,0,0,0,0,0,0,0,0,0.00065238,0,0,0,0,0,0,0.0011023,0,0,0,0,0,0,0.00062777,0,0,0,0,0,0,0,0,0,0,0,0,0,0,0,0,0,0,0,0,0,0,0,0,0,0,0,0,0,0,0,0,0,0,0,0,0,0,0,0,0,0,0,0,0.0006791,0,0,0,0,0,0,0,0,0,0,0,0,0,0,0.00043646,0,0,0,0,0,0,0,0,0,0,0,0,0,0,0,0,0,0,0,0,0,0,0,0.00049391,0,0,0.00092025,0,0.00054606,0,0,0,0,0,0.00050507,0,0,0,0,0,0,0,0,0,0,0,0.00058612,0,0,0,0,0,0,0.00087956
