643.13,1702.8,973.36,677.08,761.85,912.31,1106,1494.5,1258.8,727.43,892.98,1130.1,1027.4,727.54,1062.7,807.45,1098,815.75,648.4,666.47,920.17,1670,1200,747.65,582.86,508.52,632.04,1323.8,271.01,587.85,575.41,922.37,370.21,1116.4,486,1339.6,363.52,779.33,686.71,183.1,46.445,1711.6,600.83,420.62,1597.2,1169.3,1155.8,1687.1,618.99,794.55,931.89,197.12,758.75,655.67,638.75,612.88,1175.6,1412.9,1472.2,718.88,699.55,1556,1216.3,496.56,760.98,911.62,813.06,579.28,487.17,764.02,1016.3,1432,1539,327.92,1505,751.3,964.16,1172.4,1672.7,690.25,861.52,761.35,1021.8,543.16,563.79,672.05,719.1,478.47,560.9,352.3,480.6,861.73,658.26,622.13,562.8,582.8,730.81,494.56,746.76,374.63,659.64,994.8,538.27,663.62,1029.2,1092.2,1190.3,511.6,431.87,1078.8,1083.9,405.14,1205,424.58,1083.4,1167.6,795.83,853.81,1157.4,277.11,1196.7,310.96,1198.7,648.13,615.41,957.04,243.52,1294.5,817.03,585.89,1197.4,596.23,1404.2,619.37,901.48,1122.4,823.2,705.64,816.75,686.45,1388.7,463.78,853.31,1070.4,633.75,645.41,565.87,934.52,488.54,1087.6,1206.7,953.9,605.72,560.62,593.37,1139.7,594.43,412.47,750.44,1063.7,509.85,1236.5,1457,986.54,687.02,862.69,775.79,585.92,1445.8,1401.1,1572.3,608.94,1135.2,244.17,565.51,1301.2,1191,132.88,258.45,901.41,1461.1,1368.1,1156.4,1632.8,1723.8,965.49,1026.5,1263.2,360.46,1366.6,184.77,733.52,1526.7,1492.1,433.7,1637.3,1116.8,1040.2,1582.4,1120.9,985.1,1114.4,1253.8,684.71,1031.4,1285.1,1016.4,1457.3,1079.6,1234.6,297.4,1479.3,1195.2,942.45,659.48,1274.8,1758.6,1377.8,1355.4,929.49,383.58,489.7,745.18,987.68,1428.5,1282.8,448.27,1522.2,1030.1,935.89,871.74,778.28,949.15,1710.5,594.26,641.6,739.84,1967.2,1192.5,709.29,1629.5,1584,525.39,1089.8,726.55,1039.1,719.14,854.02,840.22,1385.2,602.99,1442.9,819.8,1323.2,1181.6,1629,218.16,1518.9,921.63,878.35,1067.7,467.38,270.87,1159.4,1157.6,114.78,730.91,1037.5,858.4,497.89,1345.8,88.477,798.87,155.23,933.94,1584.3,321.17,740.18,319.56,771,792.52,1143.7,483.21,664.39,987.51,1024.6,1255,1512.9,1633.5,1449.7,1251.9,1401,681.88,228.87,222.07,1075.4,1133.9,396.79,1158.9,641.62,1443.8,810.07,1317.3,1141.5,889.96,1889.7,1249,965.11,368.87,774.79,253.05,896.17,256.5,912.64,1064.8,1593.8,730.13,1403.3,1031,410,434.72,1238.4,716.27,1175.3,904.81,573.03,1775.7,363.16,174.16,794.43,1299.6,1687.8,865.07,900.24,358.31,424.13,890.13,1789.5,1189.7,434.98,1653.1,753.58,1004.1,1034.3,1301,1121.2,692.32,1563.2,705.79,521.64,441.13,624.19,414.03,330.33,1198.5,601.13,493.6,372.23,427.9,593.14,464.1,610.56,346.59,369.56,624.8,560.33,498.19,538.81,432.06,461,444.96,480.95,364.49,262.09,280.75,441.06,520.56,657.66,645.84,191.95,461.04,431.3,1081.4,835.92,590.35,1233.2,1387.3,485.91,408.3,477.87,1067.2,466.83,460.36,1288.6,2251.1,304.44,514.22,540.41,528.39,1014.8,824.38,283.24,498.98,348.74,237.61,288.47,498.75,510.16,568.39,546.87,568.2,590.21,245.97,465.25,539.3,464.85,392.28,536.21,607.55,401,484.88,551.3,631.69,537.24,557.02,608.77,583.22,528.38,568.73,632.13,561.9,465.23,530.83,553.13,507.9,460.6,524.31,506.67,430.9,509.3,525.7,533.14,501.59,518.23,527.45,440.2,524.18,510.96,499.1,437.91,507.77,465.67,433.77,516.36,516.25,511.77,453.81,500.67,527.2,444.54,539.98,525.23,518.45,472.17,522.52,556.47,480.22,584.39,553.54,551.18,542.59,612.51,585.25,507.82,591.46,558.1,550.42,525.63,581.74,584.12,518.09,615.38,562.58,553.73,556.18,614.05,570.43,533.89,612.32,532.24,566.9,564.11,579.92,564.57,516.06,604.64,587.36,560.96,552.61,586.25,541.63,549.12,584.02,561.55,565.77,576.66,599.31,561.96,585.11,574.99,590.8,505.39,583.6,577.98,383.56,529.15,602.18,595.66,308.52,542.23,593.99,614.2,135.04,214.07,610.4,362.63,580.2,508.45,578.09,564.6,516.32,401.1,558.71,345.63,508.89,361.63,534.84,569.32,566.04,805.02,460.14,638.09,586.62,660.26,630.95,608.94,530.03,609.57,731.57,585.18,568.41,532.64,763.5,514.94,497.88,449.04,884.72,493.91,552.81,595.5,787.85,530.17,554.38,573.26,749.62,577.33,591.44,547.58,648.83,638.54,621.34,580.83,628.01,619.85,635.27,420.72,635.09,601.11,541.32,545.04,626.44,623.21,563.75,522.8,562.7,590.09,626.79,534.89,646.86,636.46,593.54,579,654.05,642.18,601.12,616.6,593.2,506.94,537.32,505.64,580.84,637.31,245.01,579.35,626.51,616.24,688.49,673.25,641.72,614.31,649.7,920.69,679.48,636.69,645.38,627.47,624.28,652.29,631.17,641.7,587.71,668.27,663.35,657.84,701.22,1556.4,676.32,556.92,565.1,622.31,522.83,694.48,657.66,569.48,642.38,535.94,585.7,598.83,580.84,705.34,410.32,584.4,615.24,606.65,597.02,646.49,558.2,610.86,523.46,602.53,618.71,1213.9,537.71,508.01,496.95,532.3,625.43,851.85,495.39,483.36,606.97,473.94,544.14,390.13,508.27,493.53,489.59,537.19,508.28,501.52,556.25,453.05,458,562.82,537.17,516.52,639.71,460.22,522.58,572.48,476.18,442.81,507.74,484.11,478.16,523.29,527.49,458.04,565.44,547.58,586.09,502.84,632.16,617.33,499.97,579.13,370.3,520.04,558.17,494.05,596.8,395.92,649.37,474.78,640.44,447.27,314.3,664.25,732.12,349.27,455.36,497.63,589.53,346.41,771.79,438.81,795.61,381.6,900.74,625.12,862.94,415.54,588.49,575.82,549.79,670.7,244.34,873.22,969.93,857.1,669.77,856.38,508.62,646.28,1005.8,1318.4,669.59,767.34,649.34,930.05,756.17,697.47,730.55,1043,801.23,824.97,827.55,749.78,809.77,1001.2,881.11,813.04,939.59,1255.4,1059.7,941.73,1156.5,1050.9,387.87,993.72,1174.4,665.16,804.9,908.8,601.74,852.31,853.14,957.99,941.48,818.11,855.71,709.17,823.45,1086.6,1027.6,825.09,760.83,897.49,892.61,945.99,909.89,425.07,633.36,932.53,796.76,628.48,1000.5,844.76,723.39,462.74,964.92,922.11,906.15,815.84,827.45,1089.7,789.94,764.86,638.58,1313.1
1355.8,2316.1,1639.3,1741.9,1535,1734.8,1779.5,1524.7,1754.5,1708.4,2695.5,2182.9,1605.4,1780.1,2223.2,1890.5,1883.2,1684.2,1925.2,1437.5,1397,1720.5,1251.8,2031.9,1822.2,1584.4,1386.3,2515.4,1849.7,2061.7,1557.8,2231.9,1558,1731.4,1819.5,2614.1,1946.3,2028.8,1999.8,1764.8,1676.1,2632.4,1496.2,1430.3,2836.5,1604.2,1945.9,2489.8,2275.7,2061.2,1413.3,1647,1862.2,1709.5,1568,1609.4,1800.3,2799.8,2890.4,2013.7,1911.2,2090.9,2211.5,1800.9,2135,1768.9,1469.3,1658,1486.3,1901.3,1679.4,2413.8,2676.9,1546.5,2523.3,1750.5,2023.5,2036.6,1853.5,2069.6,2340.8,2254.5,2185.1,1174.4,1095.5,1065.9,1876.8,1389.5,1397.3,1188.8,672.07,1970.1,2462.6,1284.4,1080.9,2280.1,2656.7,1202.6,1188.1,1583.1,2139.7,2664.3,2014.2,1994.3,2436.1,1324.6,2093.8,1421,1576.3,1493.7,1516.2,1323.6,2523.8,1405.2,1460.4,2487.7,1954.7,2392.7,2725.1,1289.3,1302.3,1799.8,1988.8,2276.3,1719.4,2184.3,1244.2,1861.9,1370.9,2317.4,2537.6,1610.7,2094.6,1441.6,1693.3,2449,1570.8,1622.5,1542.2,1948,2432.4,1843.6,1291.1,1395.2,1669.5,1788.3,1855.3,2504,2011,1641.6,1884.1,2170.9,2040.5,1125.2,1599.6,1646.9,1499.8,1418.6,2390,2385.3,1528.7,2238.3,1923.2,1564.4,1495.7,1714.5,1582.7,1581.1,1984,1892.4,2324.7,1729.7,2106.1,1889.2,1772,2413.1,2515.1,1518.4,1684.5,1815.2,1912.3,1620.6,2040.8,2326.8,2325.9,1528.1,1336.3,1446.6,1640.7,1961.8,1836.7,1795.5,2655.5,2743.8,1750.3,2389.7,1802.8,1644.2,1780.8,2327.8,1762.2,2151.4,1744.2,1863.7,1536.1,1704.3,1529.7,2520.2,1936.4,1676.7,1637.2,2356.2,2713.9,1728.3,1655.9,2419.7,3138.4,2437.9,2321.3,1797.9,1855,1410.6,1940.6,2146.7,2098.8,1824.9,1853,1845.8,1510.7,1618,1542,1524.7,1544.1,2706.2,1541.8,2125.3,1453.4,3216.2,1566.8,1434.6,2899.6,1997,1923,2109.1,1600.4,2119.9,964.72,2102.1,1736.2,2823.4,1701.2,1666.1,2125.8,2129.4,2094.3,2852.5,1591.9,2710.9,1776.9,1714.8,2057.3,1653.5,1427.1,3005.7,2480.5,1600.6,2011.4,1647.9,1312.3,1573.6,1872.4,1581.5,1826.6,1476.2,1739.4,2342,1802.1,2439.5,1619.8,1762.2,1568.8,2329.7,1597.1,1989.6,1322.7,1869,2335,1996.2,2364.9,2333.8,1757.8,2566.8,1495.8,1852.9,1758.8,2027.8,1850,1266.5,1669,1992.1,2397.4,1476.1,1514.1,2037.9,1605.1,1918.4,1747.9,1335.9,1396.4,1149.8,1485.2,1784.6,2072.7,1558.2,2538.7,1749.1,1893.6,1845.9,1637.2,1609.8,1754.5,2209.5,1738.9,2001.5,1578,2688.8,2218.2,1310.3,1530.9,1446.8,2122.1,2318.5,2258.9,2016.1,1482.9,1564.2,2508.4,2765.5,2433.2,1555.1,2773.6,1110.8,1790.5,1715.4,2581.4,1731.6,1554.4,2007.6,2168.2,1467.1,1458.4,1793.7,1354.6,1610.5,1669.6,1609.4,1702.8,1428.2,1430.7,1890.7,1092.6,2043.4,1418.2,1288.5,2249.6,2065.6,2141.7,1568.1,1360.6,1433.4,1501.9,1905.4,1734.2,2208.8,1453.6,1711,1471.7,2158.7,1778.7,1647.7,1575,1784,1960.9,2869.1,1721,2927.4,2278.3,1852.9,1876.3,1777.3,2240.6,1806.2,1863.5,2455,2761.4,1878.8,2281.1,2153,1807.1,2618.4,2133,1941.8,1968.8,1897.3,2244.6,2576.2,2588.5,2498.7,2114.5,2259.4,2566.3,2374.2,1951,2162.4,2046.1,1983.7,2050.4,2079.7,2118.6,2208.3,2189.1,2168.9,2076.4,2394.9,2173.5,2182.3,2163.9,2430.9,2316.4,2742.2,2378.1,2385.6,2188.7,2368.6,2362.7,2229.6,2237.8,2179,2096.4,2355.4,2279.5,2381.8,2310.8,2355.3,2600.7,2444,2397.3,2296.2,2440,2381.3,2447.1,2422.1,2448.6,2430.2,2290.5,2381.3,2462.9,2519.4,2341.5,2518.4,2442.4,2463.4,2425.8,2476.4,2526.1,2343,2538.1,2440.5,2476.5,2468.7,2493.4,2560.6,2672.6,2557.9,2483.9,2550.6,2604.3,2487.6,2582.1,2654.7,2566.2,2485.4,2463,2639.6,2502.7,2430.2,2679.2,2593.8,2438.2,2483,2634.8,2516.7,2519.5,2519.5,2525.3,2467.9,2608.8,2499.7,2480.5,2342.3,2593.7,2485.7,2487.9,2561.7,2220.1,2398.1,2322,2430.3,2594.5,2425.1,2391.7,2511.7,2423.1,2344.6,612.36,2424.2,2383.1,2393.8,655.58,2402.7,2432.9,2553.6,632.23,586.53,2396.3,686.97,2513.9,1967.5,2338.4,566.56,1873.6,1425.3,2026.4,554.88,746.07,1386.8,1962.3,2087.2,1504.8,2127.1,905.84,2430.3,1499.4,1484.2,1189.3,2105.4,1687,1568.7,1274.5,1659.3,1739,798.43,1067.1,1451.7,832.54,831.95,1459.7,1475,1812.2,1345.3,1184.7,1498.1,1864.2,1082.5,1177.5,1587.3,1805.3,901.4,1005.9,1638.7,1641.9,1299,870.88,1108.9,1479,578.13,734.71,1087.8,621.9,997.81,638.53,1190,945.47,941.21,1723,1095.2,1272.8,963.82,1901.1,709.99,1217.9,1532.3,1222.8,1443.1,1209.8,1456,986.22,1355.7,1082.6,879.37,959.13,1476.6,1466.3,1105.1,824.56,1431.4,863.51,1690.2,903.92,1142.1,946.13,1667.5,1233.9,1056.3,1270.9,930.6,1179.5,995.79,902.58,881.71,1001,1256.4,889.19,1103.6,1098.1,1871.1,1122.9,891.91,1035.9,1143.7,1090.9,951.95,970.92,1195,1503.2,895.29,1131.1,668.44,1040.9,1157.3,1222.8,1097.6,915.69,1226.7,1339.6,956.83,1187.6,810.01,960,1156.7,1522.6,1842.2,1007.5,901.97,868.42,945.3,1144.1,1167,940.13,889.07,892.79,621.2,981.18,1100.8,896.49,802,893.89,851.75,1014.5,1358.8,793.3,830.47,868.82,972.75,1412.8,1313.8,1038.8,833.69,935.79,1166.5,859.2,1409.1,905.24,898.18,866.22,924.1,834.96,925.33,979.02,1284.2,1155.4,1111.4,1214.7,1505,1105.2,1301.5,1077.4,1108.3,1030.1,808.24,630.81,1233.9,1198.5,1123,1246,886.52,1055.2,1031.8,1333.2,1126.2,1298,2019,1302.8,2188.4,1159,1144.3,1844.3,1015.6,1540.1,1959.6,1372.9,1282.2,1315.6,1323.2,1111.9,1337.9,1202.3,1329.1,1287,1174.8,1763.5,1446.9,1264.8,1167,1288.2,1955.5,1640.5,1429.9,1150.4,1985.4,1582.4,1272.8,1333.2,2492.4,1670.9,1465.7,1972.2,1532.9,1230.2,1701,1596.3,1227.2,2176.4,2454.6,1768.9,2016,2103.4,2436,1335.8,1715,2074.9,1899.1,1524.2,1992.5,1646.7,1686.8,1819.2,2081,1683.3,1369.6,2102.9,1290.9,1984.4,1889.8,1575.9,2193.9,1942.4,1483.9,1747,1665.5,1419.9,1675.7,1801.1,1681.4,1661.7,1861.2,1600.7,2071.9,1741.7,1786.9,1606.5,1692,1447.3,1806.7,1614.2,1869.6,1673.6,1366.8,1936.4,2387
3346.5,3500.4,2851.4,2370.8,2576.1,2098.1,3181,2679,3045.3,2769.9,3268.4,3343.2,2395.6,2419.1,3305.7,2444.9,2368.1,2221.9,2906.2,2243.5,2225.9,3465.5,2301.5,3268.9,2398.2,2299.2,2395.5,3295.9,2246.8,2743.8,2461.5,3413.8,2996.5,3098.8,3187.7,3248.8,2424.5,2757.8,2708.4,3016.6,2520.2,3631.5,2866.5,2571.8,3556,2959.6,2534.1,3394.4,2838.9,2413.4,3292,2390.5,2840.7,2620.8,2466,2421.3,2980.9,4000,3180.2,2896.7,2543.2,3403.6,3298.9,2341.8,2728.4,2595.5,2220,2779.4,2618.8,2632.5,2447.4,3719.1,3196.8,2988,3298.8,2398.8,3573.4,3605.8,2291.5,2475.4,3246.9,3460.7,3531.9,2266.2,2441.4,2369.3,3534.8,2225.6,2482.1,2469.1,2534.1,3416.8,3589.8,3398.2,2213.1,2628.1,3485.6,2325.5,2922.3,3361.9,2994.2,4000,3640.5,3315.7,3539.5,3395.7,3565.5,2555.6,2719.3,2932.8,2762.6,2589.1,3341.6,2005.2,2537.8,3628.3,3150.5,3758.6,4000,2373.1,2618.6,3284.5,3304.9,3589.2,3632.4,3715.7,2803.8,3274.7,2475.7,3506.5,3175.7,2354.6,3747,2421.9,2645.8,3508.7,2451.2,2344.5,2919.5,2375.6,3571,2331.5,2341.3,2420.5,2649.4,2599.9,2521.5,2967.9,2808.4,3207.3,3307.2,3426.2,2431.8,3345.4,2665.6,2803,2363.9,2601,2971,3370.3,2554.1,3232.1,3050.1,2799,2487.8,2853.8,2303.1,2557.4,3432,3329.3,3162.2,2725.8,3281.4,2778.9,2502.6,2632.1,3702.4,2727.9,2357,2802.6,2810.6,3263.6,3274.8,3397.9,3399.7,2579.7,2008.4,2504.7,2504.5,3175.3,2178.9,2815.6,3382.8,3568.5,2572.7,4000,3451,2943.6,2856.7,3329.5,2842.1,3282.8,3484.3,2467.1,3157.3,3058,2537.5,3221.9,3426.3,2292.6,2536.1,3413.3,4000,2741.2,2843,3386.9,4000,3248.8,3453.2,2945.4,3285.3,3243.5,3251.9,2365.5,3235.8,3739.8,2713.8,3313.4,2619.1,2756.7,2902.4,2532.6,2166,3490.8,2925.7,2707,3104.4,4000,3487.2,2358.8,3567.2,3144.8,3012.5,3266.8,2348,3304.3,2269.5,2741.2,3114.3,3390.3,2719.1,2888.5,3143.9,3020.5,3285.3,4000,2777.3,3707.9,2813.8,3062.1,2854.2,2935.9,2696.9,3591.6,3579.6,2417.9,3029.8,3104.1,3030.4,2743.3,3296.4,2447.6,3032.9,2854.7,2914.8,3148.8,2169.4,2924.5,2634.7,2778.9,2868,2893.8,2515.9,2596.3,2434.8,3412.1,3370.4,3321.1,3582.2,2742.3,3254.3,3216.2,2554.8,2911.7,2416.2,3395.3,2918.1,2974.4,2703.5,3019.4,3411.2,2798,2191.3,3369.4,2841,3212.7,2441.7,2781.6,2966.3,2151.4,2497.7,2700.3,2092.9,2502.3,3551.7,3132.9,2079.1,3288.9,2812.1,2991.2,2967.8,3142.3,2860.3,2899.1,2394.5,2728.2,4000,2075.2,2820.1,1992.8,2899.2,4000,3295.2,3003.9,2342.4,2143.9,3733.8,3279.9,2796,2385.1,3626.3,2854.8,2203.6,3153.8,3842.6,3273.4,2442.9,3360,2762.2,2409.6,2444.3,2689.6,2718.3,2718.1,3041.9,3028.7,2860.8,2785.7,2690.2,3227.2,2526.3,2993.1,2466.2,3196.1,3500.3,3208.6,2923.2,3223,3039.6,2373.2,2800.1,3218,1955.2,2639.6,2098.3,2527.7,3331.5,3471.7,2910.2,2515.4,3095.5,2769,3248.6,3484.7,2901.2,3055.2,2907.9,3099.9,2560.2,2426.9,3589.2,2595.9,3471.5,3060.5,3868.2,2653.7,2966.4,2780.7,2914.6,4000,2966.5,3156.1,2632.8,2867.5,2816.4,3062.5,3091,3384.1,3649.9,2965.3,3083.9,2978.7,2982.1,2902.1,2983.4,2792.5,2865,3022.2,2931.8,3496.9,2956.4,2986.7,3326.4,3708.2,2786.1,2804.7,3086.8,2997.9,3087.8,3006,3128.1,3032.8,2308.7,3153.9,2980.7,3106.4,2479.9,2988.8,2365.2,2395.4,2628.1,2961.4,3149,2410.5,3566.6,3051.1,2475.3,2387.2,3128.2,3185.1,2656.7,3150.8,3045.8,2659.6,2426.5,3221.3,3146.3,2880.4,3245.5,3127.7,3239.6,3067.3,3179.5,3115.3,3062.1,3042,3091.9,3154.8,3123.6,3127.9,3140.8,3041.3,3303.6,3118.5,3133.4,3019.9,3140.1,3227.2,3134.3,3096.7,3128.6,3114.9,2887.7,3185.6,3140.2,2848.3,3148.7,3109.1,3038.1,2971.1,3151.8,3014.6,3288.5,2928.2,3026.7,2931.2,3176.4,3054.2,2956.2,3103.5,3108.3,3028.9,2978.4,3128.6,3400.7,2937.1,2950,2875,3006.6,2879.8,3019.5,2950,2875.8,2864.2,2575.3,2744.1,2757.4,2718,2520.3,3293.3,2872.7,2937.8,2503.6,2213.7,2855,2551.1,2986.5,2860.8,2802.7,2507,2792,2602.4,2561.7,2292.4,2422.7,2593,2569.4,2572.1,2748.3,3204.8,2455.2,3035.3,2512.3,2543.6,2442,2410,2783.5,2460.4,2053.9,2437.6,2307.6,1743.2,2542.4,2462.2,2465.8,2302.1,2706,2440.5,2612.6,2194.7,2145.8,2387.8,2137.7,2001.2,2055.5,2404.6,2238.2,1665.3,2411,2384.7,2432.3,2937.7,2074.9,1885.7,2380.9,1730.1,2018.8,1971.2,1689.2,1782,1667.3,2200.9,1858.1,1808.9,2294.8,2224.4,1958.1,1810,2253,2227.3,1950.6,1754.8,2026.6,2275.4,1982.2,2161.8,2058,2055.4,2152.9,2124.4,1978.1,2016.5,2026.3,1983.1,2013.1,1786.1,1846.1,1697.9,2096.1,1919.3,1615.1,3237.2,1958.4,2068.6,1975.9,2005,2056,1905,1849.8,1790.8,1789.5,2656.3,2279.6,1823.1,1721.1,4000,2071.9,2442.3,2265.3,3189.9,2279.1,2098.5,2153.2,1821,1762.2,2127.1,2063.7,2210.3,2206,2272.6,2333.7,2066.1,2105.1,2259.9,1785.9,1854.5,2638.2,2145.4,2310.9,1797.3,1978.5,3255.3,2340.1,2259.5,2265.1,2240.8,1921.7,2733.3,2231.2,2295.5,2451.1,1956.7,2546.6,2260.1,2400.5,2362.5,2204,2287.1,2299,2434.8,2385,2316.7,2410.6,2197.2,2681.4,2246.4,2448.1,2207.1,2430.7,2616.2,2308.9,2531.5,2522.7,2507.5,2875.9,2371.5,1623.5,2339.4,2303.9,2615.9,1826.7,2757.8,2732.6,2836.1,2492.6,2903.8,2560.1,2785.9,1227.7,2361.5,2381.1,2642,2594.4,2146.5,3181.4,2541.5,2505.7,2563.2,2716.4,2591.3,2547.8,2658.1,2467.5,2604.8,2452,2535.9,2975.1,2638.4,2796.9,2845.8,2562.7,2714.7,2360.4,2409.3,2479.8,2570.2,2600.3,2824.1,2635,2504.2,2073.9,2488.1,2891,2737,2331.2,3427.6,3218.8,3309.8,2890.8,3412.7,2726.1,2693.9,3109.6,3340,2668.5,2892.7,2670.7,2508.8,2697.1,3024,2914.1,1917.9,3157.5,2762.8,3243.4,3422.2,3406.3,2918.1,2549.2,3090.4,3283.8,1919.9,2565.2,2883.3,2676.5,2690.7,2488.1,3098.7,3172.2,3124.4,3317.7,3173,3279.7,3036.3,2888.3,3485.4,3391.4,3070,2509.7,2486.7,2705.2,2584,2177.4,2768.7,2616.3,2250.8,2959.1,2889.1,3176.3,2688,2584.8,2833.8,2201.4,2793.7,3181.8,3100,2608.8,2528.1,2371.7,3653.9
3545.4,4000,3390.2,3378.7,3828.9,3100.7,4000,4000,4000,3630.8,4000,4000,3408.2,3599.6,4000,4000,4000,3431.2,4000,3444.5,3513.7,4000,3595.4,4000,3473.6,3440.6,2857.9,4000,3604.5,4000,4000,4000,3601,4000,4000,4000,3522,4000,4000,4000,3035.9,0,3451.6,3383.6,0,4000,4000,4000,4000,3830.2,4000,3469.6,3547.1,3279.4,3831,3450.9,4000,4000,0,4000,3344.5,4000,4000,3315.9,4000,3783.2,3304.9,3628.8,3702.2,4000,4000,0,4000,3668.2,0,4000,4000,4000,4000,4000,4000,4000,4000,3682.4,4000,3493.9,4000,3441.5,3559.6,3545.9,3593,4000,0,4000,3549.4,4000,0,3581.1,3797.5,3381.6,4000,4000,4000,4000,0,4000,4000,3493.4,3664.5,4000,4000,3714,0,3212.9,3439.5,0,4000,0,0,4000,3576.7,4000,4000,4000,4000,4000,3783.7,4000,3571.7,4000,0,3188.8,4000,3583.9,3466.3,4000,3634.8,3666.2,4000,3227,4000,3643,3346.4,3713.7,3275.2,3341,4000,4000,3196.8,4000,4000,4000,3625.7,3566.9,3584.5,4000,3647.3,3217.4,4000,0,3638.1,4000,4000,4000,3460,3494.8,3556.5,3488.5,4000,4000,4000,3821.9,4000,3391.4,3536.9,4000,0,3579.5,3838.4,3641.6,4000,4000,4000,0,0,3196.7,3650.2,3293.2,3590,4000,3568,4000,0,0,3096.4,4000,4000,3346.4,4000,4000,3428.9,4000,4000,3596.8,4000,4000,4000,0,4000,3448.2,3621.7,4000,4000,3595,3442,4000,0,4000,0,3633.4,3440.6,4000,4000,3512.4,4000,4000,3658.5,4000,3503.5,4000,4000,3690.9,4000,0,3534.7,4000,3425.9,0,4000,3610.3,4000,4000,4000,4000,3820.2,4000,3801.8,4000,3475.4,0,3735.1,4000,4000,4000,4000,4000,3124,0,4000,3483.7,4000,3505.3,3552.9,0,0,3532.6,4000,3535.8,3641.6,3653,4000,4000,3110,3361.7,3342.2,4000,3307.6,4000,4000,4000,4000,4000,3514,3276.7,4000,4000,4000,4000,0,4000,4000,0,3771.9,3612.2,3655.7,4000,4000,3639.6,3547.4,3045.6,4000,3578.1,3472.1,4000,4000,4000,3373,3249.3,3398.6,3562.7,3707.3,3104.1,3201.9,3602.4,0,4000,3605.9,4000,3437.2,3498.4,3730.1,4000,4000,4000,3369.3,4000,4000,3733.5,3327.2,3608.8,4000,4000,4000,4000,3794.4,3311.5,4000,0,4000,3494.1,0,3477.1,3550.8,4000,0,4000,3488.7,4000,3611,3861.6,3377.4,3321.8,3338.8,3502.2,4000,4000,3640.5,4000,4000,4000,3550.5,4000,3434,4000,0,4000,4000,4000,3470.6,3544.2,3237.6,4000,3263.6,3727.8,3702,3208.1,4000,0,4000,3469.3,3587.9,3694.9,4000,4000,4000,4000,4000,3757.8,3603,3592.3,4000,3821.7,3528.4,4000,0,3506.5,3458.3,3776,3521,4000,3781.2,3549.3,3306.9,3100.4,3277.2,4000,4000,4000,4000,4000,4000,4000,3423.9,4000,3050.2,3067,4000,4000,4000,4000,4000,4000,4000,4000,4000,4000,4000,4000,4000,4000,4000,4000,3038,4000,4000,4000,3169.4,4000,2990.9,3112.5,3201.3,4000,4000,3202.5,4000,4000,3111.7,3258.3,4000,4000,3151.1,4000,4000,3153.9,3251.2,4000,4000,3140.6,4000,4000,4000,3192.9,4000,4000,4000,4000,4000,4000,4000,4000,4000,4000,4000,4000,4000,4000,4000,4000,4000,4000,4000,4000,4000,4000,4000,4000,4000,4000,4000,4000,4000,4000,4000,4000,4000,4000,4000,4000,4000,4000,4000,4000,4000,4000,4000,4000,4000,4000,4000,4000,4000,4000,4000,4000,3049.2,4000,4000,4000,3763.6,0,4000,0,2938.9,3071.5,0,3004.9,0,4000,0,2791.4,0,3116,4000,2702.6,2858.7,2945.3,4000,4000,4000,0,4000,0,4000,4000,2886.7,4000,4000,4000,3008.4,4000,4000,3374.7,3220.9,4000,4000,3198.9,4000,4000,4000,4000,2965.4,4000,4000,4000,3178.2,4000,4000,3051.8,3472.7,4000,4000,4000,3458.2,3048.1,4000,3163.5,3508.1,3166.8,3904.9,4000,3508.1,4000,4000,3305.1,4000,4000,4000,3540.3,4000,3358.2,3603.3,4000,4000,4000,3644.4,4000,3324.9,3696.3,2965.5,3413.8,3036.6,4000,3559,3365.2,3576.6,4000,3358,3216.2,3461.3,3709.8,3257.3,4000,3449.9,3417.8,4000,3447,3302.7,3382,3371.8,4000,3403.8,3311.7,3387.3,3380.8,3440.5,4000,3415.3,3489.3,3446.9,4000,3281.2,3426.6,3380,3081.7,3367,3466.6,3478.7,3452.8,3542.9,3464.5,3497.1,3389.3,3504.4,4000,3373.6,3549.7,2892.9,3466.1,3174.3,3238.3,3458.1,0,3345.4,3683.6,3357.6,4000,3496.3,4000,2717.8,3613,4000,3377,3368.4,3497.5,4000,3115.6,3327.2,3514.4,3371.7,4000,3018.6,3464.6,3444.2,3185.4,4000,4000,4000,3251.9,4000,4000,3770.3,4000,3070.9,2693.4,3068.2,4000,2730.1,2897.3,2562,4000,2732.7,4000,4000,4000,2814,3470.6,2982,3445.5,3012.4,3472.5,2946.1,3674.9,4000,4000,4000,3073.6,3197.2,3069.9,3294.6,3118.9,3085.6,4000,2898.4,4000,3195.4,3335.6,4000,3124.9,3617.8,4000,3592.7,4000,3087.4,3338.2,3344.7,3188.9,4000,4000,3431,3515.2,3530.3,3467,3093.3,3446.6,3450.1,0,3329,4000,4000,4000,2948.6,3403.1,4000,4000,3476.1,3275.5,3294.5,3385.2,3588.1,3051,3482.6,3313.6,4000,4000,4000,4000,4000,4000,3587.3,4000,4000,3206.9,3559.1,3156.8,2883.3,3415,3225.6,4000,3438.6,3418.7,4000,3249.8,4000,4000,4000,4000,4000,3957.4,3801,3575.8,3603.3,4000,3769.4,3427.1,4000,4000,4000,4000,3745.2,3711.9,3344.3,3504.6,3743.6,3309.4,3778.4,4000,3729.3,3105.9,3499.4,4000
0,0,0,0,0,0,0,0,4000,0,0,0,0,0,0,4000,4000,0,4000,0,0,0,0,0,0,0,0,0,0,0,4000,0,0,0,0,0,0,4000,4000,0,0,0,0,0,0,0,0,0,0,0,4000,0,0,0,0,0,0,0,0,0,0,0,0,0,4000,0,0,0,0,4000,4000,0,0,0,0,4000,0,0,0,4000,0,0,0,0,4000,0,0,0,0,0,0,0,0,0,0,0,0,0,0,0,0,0,0,0,0,0,0,0,0,0,0,0,0,0,0,0,0,0,0,4000,0,0,0,0,0,0,0,0,0,0,0,0,0,0,0,0,0,0,0,0,0,0,0,0,0,0,0,0,0,0,0,0,0,0,0,0,0,0,0,0,0,0,0,4000,0,0,0,0,0,0,0,0,0,0,0,0,0,0,0,0,0,0,0,0,0,0,0,0,0,0,0,0,0,0,0,0,0,0,0,0,0,0,0,0,0,0,4000,0,0,0,0,0,0,0,0,0,0,0,0,0,0,4000,0,0,0,0,0,0,0,4000,4000,0,4000,0,0,4000,0,0,0,0,0,0,4000,0,0,0,0,4000,0,0,0,0,0,0,0,0,0,0,0,0,4000,0,0,0,0,0,0,0,0,0,0,4000,0,0,0,0,0,0,4000,4000,4000,0,0,0,4000,0,0,0,0,0,0,0,0,0,0,0,0,0,0,0,0,0,0,0,4000,0,0,0,0,0,0,0,0,0,0,0,0,0,0,0,0,0,0,0,0,0,4000,0,0,0,0,0,0,0,0,0,0,0,0,0,0,0,0,0,0,0,0,0,0,0,0,0,0,0,0,0,0,0,0,0,0,0,0,4000,0,0,0,0,0,0,0,0,0,0,0,0,4000,0,0,0,0,0,0,0,4000,0,0,0,0,0,0,0,0,0,0,0,0,0,0,0,0,0,0,0,0,0,0,0,0,0,0,0,0,0,0,0,0,0,0,0,0,0,0,0,0,0,0,0,0,0,0,0,0,0,0,0,0,0,0,0,0,0,0,0,0,0,0,0,0,0,0,0,0,0,0,0,0,0,0,0,0,0,0,0,0,0,0,0,0,0,0,0,0,0,0,0,0,0,0,0,0,0,0,0,0,0,0,0,0,0,0,0,0,0,0,0,0,0,0,0,0,0,0,0,0,0,0,0,0,0,0,0,0,0,0,0,0,0,0,0,0,0,0,0,0,0,0,0,0,0,0,0,0,0,0,0,0,0,0,0,4000,0,0,0,0,0,0,0,0,0,0,0,0,0,0,0,0,0,0,0,0,0,0,0,0,0,0,0,0,0,0,0,0,0,0,0,0,0,0,0,0,4000,4000,0,0,4000,0,0,0,0,0,4000,4000,0,0,0,0,0,0,0,0,0,0,0,0,0,0,0,0,0,0,0,0,0,0,0,0,0,0,4000,0,0,0,0,0,0,0,0,0,4000,0,0,0,0,0,0,0,0,0,0,0,0,0,4000,0,0,0,0,0,0,0,0,0,0,0,4000,0,0,0,0,0,0,0,0,4000,0,0,0,0,0,0,0,0,0,0,0,0,0,0,0,0,0,0,0,0,4000,0,0,0,0,0,0,0,0,0,0,0,0,0,0,0,0,0,4000,0,0,0,0,0,0,0,0,0,0,0,0,0,0,0,0,0,4000,0,0,0,0,4000,0,0,0,0,0,0,0,0,0,0,4000,4000,0,0,0,0,0,0,0,0,0,0,0,0,0,0,0,0,0,0,0,0,0,0,0,0,0,0,0,0,0,0,0,0,0,4000,4000,0,0,0,0,0,0,0,4000,0,0,4000,4000,0,0,0,0,0,0,0,0,0,4000,0,0,0,0
0.0011213,0.0024459,0.0011279,0.0012621,0.00159,0.0010838,0.0012938,0.0011861,0.0029566,0.0037735,0.0018527,0.0022236,0.0045815,0.0015882,0.0089501,0.039902,0.10706,0.078994,0.059905,0.011263,0.011994,0.0065109,0.013158,0.013141,0.015772,0.011322,0.006817,0.0096539,0.0039137,0.0046981,0.003518,0.0024726,0.006335,0.0014366,0.0030072,0.010385,0.0026366,0.0017509,0.0023551,0.00194,0.0013699,0.0051097,0.0027814,0.001778,0.0065491,0.0019564,0.001288,0.0013242,0.0013249,0.0015963,0.0030341,0.00091027,0.0015085,0.002716,0.0012631,0.0024151,0.0015297,0.0014883,0.00080428,0.002255,0.0020427,0.0017378,0.00092395,0.00079869,0.0018791,0.0023263,0.00030923,0.00099777,0.00070224,0.00090075,0.00070021,0.00082622,0.00065622,0.0019159,0.0027624,0.0015463,0.003033,0.00034935,0.001769,0.0012307,0.0024901,0.002349,0.0027723,0.0069537,0.013633,0.019114,0.028011,0.012433,0.0031952,0.0054545,0.0043335,0.0058882,0.0097693,0.0057403,0.0051395,0.0053818,0.0056005,0.0042236,0.0041342,0.0026072,0.0041079,0.0024062,0.0049161,0.0036966,0.0025384,0.0017088,0.0013949,0.0040056,0.0017406,0.00077129,0.0017009,0.0015624,0.0030935,0.0014811,0.00074157,0.0015396,0.001616,0.00090259,0.001426,0.0010158,0.0029059,0.00095985,0.0019947,0.0014281,0.0014886,0.0022312,0.00069308,0.00080493,0.0010202,0.0017364,0.0024876,0.0011272,0.0042598,0.00067804,0.0014304,0.0029929,0.0019554,0.00088978,0.0019246,0.0016393,0.0011407,0.0016773,0.00069761,0.00083818,0.0026832,0.0017932,0.00028553,0.0026769,0.00057304,0.000265,0.0017008,0.0015542,0.0017226,0.0012046,0.0012287,0.00047917,0.00091777,0.00075077,0.0015435,0.00088104,0.00036338,0.0018496,0.0025474,0.0015419,0.00099182,0.00043566,0.00037986,0.00097061,0.0023756,0.0019463,0.00087339,0.00098036,0.00094462,0.0010831,0.00078517,0.00061688,0.0010482,0.00043412,0.00051825,0.0019764,0.001596,0.00047054,0.00053913,0.001587,0.0013619,0.0005081,0.0001789,0.00032028,0.00047044,0.0021298,0.00072969,0.00079061,0.0013348,0.00053187,0.00046947,0.00064665,0.001046,0.0011526,0.00052401,0.00058438,0.00052934,0.00072821,0.00045284,0.00065352,0.00066245,0.00054572,0.00096951,0.0014522,0.00079522,0.00075469,0.0007124,0.0012273,0.00082503,0.00095219,0.0008856,0.00086154,0.001644,0.00054629,0.00047453,0.00028604,0.00047669,0.00030811,0.00041553,0.00088241,0.0011202,0.00034558,0.00051099,0.00053523,0.00057513,0.00078117,0.00076761,0.00054691,0.0008784,0.00027818,0.0003026,0.00071846,0.00056153,0.00082813,0.00026937,0.00059229,0.00037324,0.00063777,0.0013358,0.00058575,0.00076356,0.0003679,0.00042729,0.0028089,0.00052211,0.00080938,0.00069351,0.00019476,0.00047956,0.00072805,0.00027488,0.00073466,0.00038661,0.0011859,0.00041074,0.00094987,0.00062697,0.00042041,0.00034356,0.00074257,0.00087521,0.00062248,0.00065498,0.0013758,0.00047638,0.0007197,0.0011726,0.00019566,0.0010335,0.00030815,0.00037553,0.00067488,0.0004623,0.00037037,0.0003584,0.00023357,0.00043136,0.00044771,0.00021889,0.001001,0.00052585,0.00060131,0.00065358,0.00076692,0.00056549,0.00041121,0.00075156,0.00050162,0.00016408,0.00036716,0.00033674,0.00094133,0.00058935,0.00023021,0.00012743,0.00064708,0.00087312,0.00057731,0.00019935,0.00052302,0.00051393,0.00034092,0.00069669,0.00043569,0.00033227,0.00022144,0.00031067,0.0012573,0.00031362,0.00037394,0.00089351,0.00013752,0.00029512,0.0004959,0.00047577,0.00060658,0.00064273,0.00036288,0.00012456,0.00070191,0.00045683,0.00024014,0.00029751,0.00021897,0.00021348,0.00019316,0.00040819,0.00041487,0.00054021,0.00099363,0.00026421,0.00020213,0.00030426,0.00062542,0.00042594,0.00022689,0.00036445,0.00014462,0.00047341,0.00038252,0.00036734,0.0002248,0.00035385,0.00026522,0.00070299,0.00033909,0.00082243,0.00039214,0.00051383,0.00064686,0.00030599,0.00015849,0.0011099,0.00053465,0.00042158,0.001171,0.00077627,0.00092373,0.00060108,0.00080708,0.00055378,0.00078387,0.00083553,0.00032705,0.0016863,0.0017343,0.0024065,0.0010398,0.00096912,0.0020857,0.00051039,0.0015741,0.00091638,0.00045065,0.00062514,0.00060648,0.0010469,0.00082011,0.00035245,0.00085099,0.0015372,0.00052125,0.00065288,0.0010754,0.001063,0.0026659,0.00078313,0.00058554,0.00079291,0.00066191,0.0015967,0.0018077,0.0025573,0.0024873,0.003587,0.00083863,0.0030815,0.0049959,0.0026931,0.0079559,0.0058254,0.01168,0.012724,0.013722,0.0034257,0.020801,0.0087158,0.016117,0.027672,0.019558,0.019131,0.024308,0.020222,0.019689,0.025217,0.028728,0.043556,0.023358,0.016783,0.025967,0.037814,0.03897,0.038441,0.051697,0.049499,0.034074,0.053248,0.074575,0.080699,0.060309,0.071493,0.057134,0.077292,0.043843,0.12569,0.12996,0.11034,0.087968,0.066203,0.071878,0.045831,0.13348,0.10891,0.094539,0.15513,0.12401,0.1268,0.061813,0.16237,0.12915,0.12286,0.13936,0.13441,0.13182,0.068614,0.16925,0.10809,0.12247,0.1592,0.12418,0.092997,0.05604,0.13253,0.078182,0.059416,0.12957,0.10511,0.067909,0.059538,0.12084,0.07994,0.0587,0.14139,0.10403,0.072621,0.061109,0.12996,0.094935,0.065649,0.14411,0.11468,0.068284,0.072751,0.12742,0.081071,0.08005,0.12477,0.11482,0.074139,0.07411,0.12871,0.11176,0.063796,0.083358,0.10998,0.067398,0.068572,0.14488,0.1226,0.055803,0.072034,0.10374,0.085382,0.06333,0.09012,0.080182,0.060264,0.077957,0.12658,0.090583,0.0077948,0.066178,0.10768,0.08854,0.0083787,0.032917,0.068892,0.054075,0.0079038,0.0096189,0.036704,0.014472,0.036242,0.037265,0.037763,0.010537,0.033435,0.051767,0.059662,0.0073067,0.041907,0.049834,0.051818,0.066285,0.034138,0.023621,0.025068,0.042293,0.040946,0.021555,0.042246,0.073654,0.04907,0.051923,0.057039,0.044951,0.060727,0.028903,0.036285,0.035063,0.020821,0.033801,0.044363,0.037216,0.032683,0.03023,0.050318,0.048091,0.053905,0.030452,0.057334,0.052585,0.066931,0.028856,0.038348,0.082365,0.067653,0.043628,0.044624,0.06169,0.088401,0.0096946,0.031986,0.07576,0.012187,0.037822,0.023251,0.070834,0.060823,0.031679,0.025309,0.048633,0.090403,0.04766,0.024627,0.024733,0.11756,0.083544,0.042937,0.019591,0.099812,0.086343,0.049188,0.022976,0.063296,0.08748,0.055568,0.048104,0.026321,0.12071,0.093663,0.069911,0.043892,0.086963,0.12354,0.099939,0.061702,0.034646,0.10244,0.11598,0.069902,0.044447,0.043171,0.091842,0.053531,0.034911,0.017248,0.073514,0.084124,0.0653,0.04556,0.028098,0.10377,0.071376,0.075437,0.021698,0.027157,0.11188,0.10161,0.053054,0.056694,0.026673,0.080303,0.017222,0.052309,0.043634,0.031143,0.072398,0.065959,0.050257,0.035069,0.020957,0.02426,0.037558,0.032137,0.022799,0.02004,0.019587,0.042413,0.034856,0.022811,0.015005,0.015428,0.0040521,0.043864,0.043377,0.026748,0.0036103,0.017381,0.018801,0.034182,0.017885,0.023576,0.016921,0.015455,0.015131,0.020946,0.021463,0.030281,0.015578,0.017155,0.01809,0.03291,0.018813,0.016325,0.018001,0.011906,0.021668,0.026336,0.015694,0.013623,0.011224,0.011753,0.026256,0.019778,0.01854,0.015502,0.0066288,0.0092618,0.020803,0.018663,0.022024,0.01101,0.01626,0.0081115,0.0069187,0.0060173,0.0072732,0.01042,0.0061496,0.0050028,0.005469,0.006703,0.0080883,0.0056474,0.0036782,0.0057235,0.0053375,0.0067156,0.0031087,0.0048709,0.0049348,0.0043698,0.002644,0.0031639,0.0021064,0.0023111,0.0023017,0.004205,0.002202,0.003687,0.0039277,0.0010533,0.0030537,0.0030138,0.0024223,0.0025255,0.0033421,0.0013497,0.0038447,0.0024367,0.0031932,0.0020034,0.0026459,0.0013414,0.0022094,0.0016814,0.002834,0.00098702,0.0025692,0.0037034,0.0018538,0.0034509,0.0029883,0.0020708,0.0022225,0.0041872,0.0021593,0.0014609,0.0017952,0.0025277,0.0020637,0.0015845,0.0030505,0.00090883,0.001516,0.00048959,0.0010459,0.0030893,0.0022635,0.0016172,0.0022531,0.0010235,0.0016585,0.0024469,0.0022544,0.0024354,0.0016702,0.00079592,0.00092104,0.00083014,0.0017076,0.00075755,0.0011398,0.0017836,0.0021545,0.00062831,0.00040473,0.0018046,0.0012811,0.00097715,0.0017868,0.0011311,0.0010924,0.0019363,0.00024926,0.00078934,0.0010003,0.0014884,0.0010959,0.00086261,0.0012337,0.0015818,0.0012774,0.0007666,0.0010369
0.0015685,0.0017038,0.0012581,0.0020884,0.0010601,0.0005561,0.0026879,0.00034151,0.0025101,0.0028292,0.0025568,0.0025483,0.0034068,0.0011433,0.0065878,0.055973,0.047719,0.023689,0.032357,0.021141,0.012721,0.021386,0.0061871,0.020214,0.0097964,0.011072,0.0031265,0.0029672,0.0062267,0.0031127,0.0034797,0.0056124,0.0067051,0.0038866,0.0025985,0.0056815,0.005363,0.0044531,0.0014858,0.0039988,0.002158,0.00084563,0.0041685,0.0046207,0.0034561,0.0016668,0.0016541,0.0012396,0.0033555,0.0011969,0.0034233,0.0023626,0.0018787,0.0017622,0.0012024,0.0022768,0.0018492,0.00072144,0.00050869,0.0016945,0.00055604,0.0010627,0.0019099,0.0012271,0.00082643,0.0011974,0.00080922,0.0005202,0.0010785,0.0012048,0.00034194,0.0013486,0.00070431,0.0026301,0.0019671,0.00065638,0.0013577,0.00061253,0.00030589,0.0011507,0.0023359,0.00091812,0.0027655,0.0097093,0.019705,0.012713,0.0048319,0.004134,0.0032038,0.0079585,0.0013795,0.0029376,0.0025211,0.0015314,0.0033362,0.0025884,0.0017744,0.0035669,0.0012534,0.0016916,0.0016456,0.0015387,0.0045209,0.0012634,0.003557,0.00045548,0.0016825,0.0017665,0.004086,0.0045526,0.0012353,0.0019418,0.0013433,0.00061433,0.0021396,0.0019804,0.00109,0.0024832,0.0011553,0.00099728,0.00027329,0.0025156,0.00058337,0.0015069,0.0020849,0.0017141,0.0020442,0.0016004,0.0021833,0.0027309,0.0020542,0.0021635,0.00091186,0.0024256,0.001163,0.001274,0.00057013,0.00129,0.0011979,0.00042956,0.0039677,0.00085755,0.00075259,0.00076276,0.0011519,0.00085894,0.00075008,0.0023047,0.0010138,0.00099052,0.001038,0.0016037,0.00094037,0.001507,0.00068111,0.00071765,0.0010267,0.0010173,0.0020664,0.0025705,0.0010886,0.001838,0.0007795,0.0013705,0.0011137,0.0010902,0.00092044,0.001894,0.0011054,0.00089434,0.00095532,0.0011011,0.00053628,0.001287,0.0010535,0.00078199,0.0021418,0.00065118,0.001464,0.0016887,0.00093996,0.0012486,0.00032023,0.00042042,0.00041276,0.00070336,0.00064948,0.0011127,0.0012623,0.0018021,0.00070595,0.00096264,0.00033729,0.00093989,0.00082682,0.00075398,0.00042254,0.0010343,0.00027772,0.00044773,0.00080706,0.0011434,0.00092904,0.00079972,0.00081535,0.00058039,0.0011174,0.0012097,0.00060269,0.00056336,0.00065461,0.00067604,0.0014501,0.00045156,0.00069295,0.00067503,0.001363,0.00048149,0.00022165,0.00060455,0.00094591,0.0010915,0.00097502,0.00022649,0.00047786,0.00033887,0.0010772,0.00037052,0.0002462,0.00086545,0.00029461,0.00021382,0.00060384,0.00037399,0.00060618,0.00033638,0.00066684,0.00061076,0.00076833,0.00048769,0.00024388,0.00071862,0.00099847,0.0004407,0.00092318,0.00076719,0.00019207,0.0010047,0.0012961,0.0011473,0.00016773,0.00098048,0.0010217,0.00020802,0.00022996,0.00076803,0.0011752,0.00071707,0.0013151,0.0011528,0.000487,0.00078887,0.00024814,0.00046016,0.00058562,0.001152,0.0012228,0.00068013,0.0013588,0.0010049,0.00086762,0.00096338,0.0005198,0.0010378,0.00042263,0.00040118,0.00020153,0.00035018,0.00060501,0.0005236,0.00071691,0.00028646,0.00069226,0.00074036,0.00015015,0.0007665,0.00043176,0.00039244,0.00052772,0.00012055,0.00058313,0.00047265,0.00042719,0.00071308,0.00032422,0.00040189,0.00072179,0.00042875,0.00037557,0.00079199,0.00096847,0.00071349,0.0005353,0.00030934,0.00022663,0.00064141,0.00020206,0.00028722,0.00069657,7.0232e-05,0.00076126,0.0010064,0.00038265,0.00040483,0.00040715,0.0011018,0.00033109,0.00048346,0.00035309,0.00062405,0.00070767,0.00029598,0.00053019,0.00010702,0.00037409,0.00053086,0.0002429,0.00055502,0.0011991,0.0004192,0.0005093,0.0003823,0.00063254,0.00035331,0.00030487,0.00044502,0.00071274,0.00026581,0.00040674,0.00038037,0.00048191,0.00082045,0.00022737,0.00054865,0.00071327,0.00029928,0.00065678,0.00034696,0.00066095,0.00056933,0.00062173,0.00023491,0.00076167,0.00055414,0.0010227,0.00069175,0.00026469,0.00047705,0.0003671,0.00031295,0.00029919,0.00094495,0.00063059,0.00054054,0.0003664,0.00051892,0.00081797,0.0016178,0.00084872,0.00057673,0.00071537,0.0010342,0.00040284,0.00087656,0.00061451,0.00071232,0.00062552,0.00057758,0.00044151,0.00049192,0.00053214,0.0012853,0.0005056,0.0012988,0.0022619,0.00081554,0.00035388,0.0019317,0.00080957,0.001684,0.0016545,0.00089025,0.0024361,0.0013405,0.0017952,0.0021209,0.003127,0.0040073,0.0017841,0.0067073,0.0010785,0.0024862,0.0047352,0.0018148,0.0030376,0.0099882,0.0064865,0.0047432,0.010428,0.011239,0.0061294,0.0073477,0.0055164,0.020181,0.023773,0.024642,0.03106,0.031946,0.022825,0.038466,0.034829,0.029243,0.020406,0.017666,0.034494,0.028376,0.022536,0.059446,0.028259,0.019072,0.029879,0.081277,0.0078547,0.024173,0.078162,0.13812,0.059043,0.068086,0.013208,0.071212,0.040817,0.060371,0.15548,0.070163,0.071575,0.16139,0.10476,0.0083996,0.18574,0.20931,0.064923,0.14296,0.19946,0.14474,0.012902,0.17619,0.22462,0.084342,0.10384,0.19626,0.16974,0.073238,0.16874,0.22037,0.098083,0.038061,0.22594,0.13974,0.054306,0.13083,0.18763,0.068458,0.051296,0.21051,0.12994,0.072772,0.16154,0.22777,0.098506,0.073577,0.22113,0.12021,0.060958,0.1316,0.20183,0.073095,0.081529,0.21523,0.12268,0.086602,0.17915,0.18805,0.10137,0.073594,0.20088,0.087271,0.05156,0.13835,0.20597,0.051211,0.052907,0.14554,0.1003,0.034944,0.068139,0.12083,0.028607,0.081717,0.068637,0.13642,0.032126,0.08608,0.10635,0.050896,0.03058,0.016224,0.046534,0.024488,0.024382,0.031581,0.043059,0.040792,0.029089,0.019327,0.045314,0.024746,0.032687,0.014117,0.035689,0.026005,0.0085031,0.018138,0.027166,0.040299,0.011515,0.03732,0.024912,0.019606,0.0098054,0.016444,0.011763,0.043233,0.020977,0.012311,0.023155,0.015366,0.020877,0.018188,0.021984,0.017225,0.016128,0.01453,0.026171,0.01415,0.011481,0.031439,0.018993,0.041551,0.024361,0.013912,0.024739,0.045287,0.025496,0.011196,0.014756,0.042394,0.029668,0.013508,0.0174,0.053513,0.02809,0.017744,0.01819,0.018145,0.041332,0.051135,0.014024,0.038683,0.066017,0.010183,0.0071195,0.035303,0.026468,0.019925,0.0077854,0.027463,0.015242,0.027795,0.022444,0.0092783,0.038756,0.020946,0.0085293,0.010819,0.051777,0.022522,0.024443,0.030104,0.046829,0.084452,0.034172,0.020821,0.036261,0.074726,0.024687,0.017456,0.014271,0.033253,0.042481,0.042584,0.010349,0.078195,0.063344,0.033046,0.027315,0.017395,0.038574,0.036455,0.035932,0.0099135,0.015448,0.072032,0.022761,0.031213,0.010243,0.010112,0.056957,0.069851,0.061137,0.011497,0.015811,0.043837,0.034073,0.021142,0.0073289,0.012823,0.049945,0.076388,0.035899,0.023992,0.018217,0.049054,0.028237,0.023743,0.0068453,0.0065111,0.02392,0.016988,0.032556,0.0097451,0.016092,0.026132,0.037559,0.034819,0.023608,0.0090672,0.0096284,0.0078532,0.048874,0.044795,0.0083657,0.026553,0.014601,0.017461,0.031372,0.022254,0.022724,0.010253,0.0081573,0.012771,0.016809,0.026697,0.033395,0.0055578,0.0073955,0.0097901,0.0064884,0.02167,0.010724,0.0077376,0.0077394,0.012741,0.0202,0.015898,0.012957,0.010413,0.0016474,0.019677,0.0074627,0.01464,0.0097701,0.0059826,0.011887,0.0069478,0.011758,0.0088048,0.010255,0.014348,0.0014363,0.0073637,0.0037553,0.014409,0.0096803,0.0046571,0.0051291,0.0063972,0.016246,0.010538,0.0090265,0.0058051,0.0016639,0.0016147,0.0023632,0.0012747,0.0013612,0.0082144,0.0013586,0.0031608,0.0012051,0.0011672,0.0040073,0.0051173,0.0026868,0.0029433,0.0045275,0.0060101,0.0052459,0.0045609,0.0040734,0.0021722,0.0024614,0.0035483,0.0025113,0.0048493,0.0014882,0.002399,0.0011011,0.0021033,0.0022507,0.0016301,0.0026274,0.003693,0.0029366,0.0017847,0.00077074,0.0014145,0.0014393,0.0017714,0.0021153,0.00097329,0.0013701,0.00076738,0.0016688,0.00067808,0.0033607,0.0024767,0.00083005,0.00070844,0.0025149,0.0017463,0.00091568,0.0010062,0.0017075,0.0015051,0.00079627,0.00075864,0.0014469,0.0014559,0.0012772,0.0021167,0.0019155,0.0018652,0.001605,0.0020043,0.0010761,0.00092359,0.00074725,0.00030098,0.0003566,0.00034609,0.00080847,0.00096067,0.00084259,0.0011737,0.0010869,0.00082903,0.00023118,0.00045491,0.00081303,0.0012954,0.0010981,0.00075768,0.00076029,0.00092192,0.00027969,0.0012836,0.0013581,0.00096428,0.0011443,0.00026462
0.0014396,0.0015571,0.00089513,0.0013499,0.002675,0.0013,0.001456,0.0010745,0.001334,0.0012084,0.0031394,0.0012116,0.0029657,0.0025443,0.0049189,0.04148,0.089759,0.083504,0.029199,0.035888,0.015553,0.010777,0.024428,0.015907,0.0077067,0.013532,0.0082517,0.0059804,0.0039633,0.0029685,0.0024683,0.0030118,0.0036076,0.0021626,0.0047679,0.0031728,0.0025259,0.0031191,0.0033364,0.0028194,0.0022277,0.0020105,0.0018952,0.0042632,0.0019512,0.0035402,0.0024109,0.0014949,0.001589,0.00060688,0.0018374,0.0012555,0.001377,0.00063516,0.0027046,0.0028445,0.0012332,0.0013236,0.00074753,0.0016255,0.0014227,0.0018835,0.0021165,0.00093012,0.0015022,0.0014601,0.0012493,0.0010137,0.0010344,0.0017683,0.0012643,0.0021921,0.00080321,0.0008568,0.0013166,0.0014532,0.0021307,0.00081592,0.0024596,0.0017142,0.0035012,0.0016374,0.0022027,0.0048905,0.012511,0.0080007,0.01184,0.0081931,0.0018961,0.002609,0.0031269,0.0017628,0.0046938,0.0066776,0.0036702,0.0014568,0.0023438,0.0017848,0.0012786,0.0039426,0.0029118,0.0023089,0.0033511,0.002098,0.0025,0.0030603,0.0027044,0.0011312,0.003979,0.0039668,0.0015416,0.0023684,0.00095023,0.0015097,0.001574,0.0016153,0.0011058,0.0010781,0.0011068,0.0026535,0.0016772,0.0016926,0.0011715,0.0017702,0.0017734,0.00092157,0.0014531,0.0017314,0.0022658,0.0014536,0.001993,0.00195,0.0016973,0.00069237,0.00038989,0.0017032,0.00046297,0.0003735,0.0017479,0.0022959,0.0020297,0.0010639,0.0015752,0.0012975,0.0010827,0.00046668,0.0013669,0.00088534,0.0007062,0.0015084,0.002225,0.00071882,0.00042799,0.0015201,0.00090781,0.0013353,0.0011316,0.001587,0.00087969,0.0016075,0.0012744,0.0010665,0.0012915,0.00069689,0.00043492,0.00067649,0.00123,0.0014954,0.0017726,0.0011848,0.00065061,0.0013386,0.0012581,0.00077584,0.00066119,0.00061953,0.0012019,0.00050502,0.00089553,0.000337,0.0010099,0.0014639,0.00027158,0.00066491,0.0015033,0.00098305,0.00045552,0.00031835,0.00070363,0.0011787,0.00043249,0.00089217,0.0010778,0.0009069,0.0002566,0.00085039,0.00044054,0.00044303,0.00072319,0.00073389,0.00066402,0.00071698,0.00067891,0.00026928,0.00095266,0.0012373,0.00079378,0.0011843,0.00046039,0.00049774,0.0013204,0.00082647,0.00062751,0.00082955,0.00080845,0.00082921,0.0018583,0.00070974,0.00050603,0.00079075,0.0008474,0.00075712,0.00062227,0.00067993,0.00039734,0.00044232,0.00049265,0.00044711,0.0004107,0.00079378,0.00060913,0.00052087,0.00094555,0.00060887,0.00063211,0.00035274,0.00046322,0.00080427,0.00080086,0.00078286,0.0001765,0.00050775,0.00049298,0.0012767,0.00029502,0.0010316,0.0011117,0.0011495,0.00059298,0.0014324,0.0003271,0.00076032,0.001422,0.00037995,0.00058618,0.0003546,0.00042459,0.00055157,0.001313,0.00088133,0.0006038,0.00057943,0.00088533,0.00093213,0.00080417,0.00052071,0.00096802,0.00097467,0.0010662,0.00062467,0.0014211,0.00035108,0.00023876,0.00088118,0.00061465,0.00054581,0.00055628,0.00032868,0.00062426,0.00053797,0.00067906,0.00076333,0.00037525,0.00066338,0.00030807,0.0011201,0.00029269,0.00098019,0.00052259,0.00022223,0.00044127,0.0006666,0.00050857,0.00025452,0.00025641,0.001006,0.0007595,0.00077232,0.00022492,0.00032768,0.00053576,0.00042946,0.0002383,0.0004001,0.00061735,0.0011887,0.00045815,0.00031505,0.00035431,0.00018215,0.00095882,0.00036731,0.00060264,0.00013245,0.00040489,0.00076614,8.8013e-05,0.00043168,0.00052825,0.00047059,0.0006567,0.00029334,0.00052419,0.00044588,0.00056528,0.00011224,0.00052449,0.00026737,0.00042927,0.00055159,0.00029125,0.00053957,0.00091776,0.00028614,0.00057419,0.00045394,0.00030808,0.00075304,0.00035932,0.00019327,0.00042592,0.00030613,0.00021905,0.00034142,0.00038329,0.00060441,0.0004163,0.00018134,0.00038008,0.0008584,0.00041925,0.00019962,0.00051665,0.00060662,0.00048275,0.00052474,0.00046263,0.00058555,0.00077403,0.001003,0.00053305,0.00049336,0.00085388,0.0012714,0.00054215,0.00043166,0.0011557,0.0013047,0.00054624,0.00093586,0.0013957,0.00098815,0.00068379,0.00048917,0.00071274,0.00052885,0.0010986,0.0010614,0.0010591,0.00078655,0.0005044,0.0006475,0.00079636,0.0012025,0.0013126,0.00037152,0.0014375,0.0011729,0.00089544,0.001456,0.0019275,0.0019444,0.001322,0.0022001,0.00086437,0.0027705,0.0011157,0.0038548,0.0045482,0.003026,0.002087,0.0020775,0.0035201,0.0033465,0.0065392,0.0087459,0.010241,0.0056613,0.0056967,0.013479,0.014694,0.016524,0.013839,0.030231,0.0038313,0.0039294,0.017206,0.02417,0.008519,0.017739,0.019701,0.014516,0.01248,0.0031041,0.019376,0.02332,0.032477,0.059004,0.064535,0.0084227,0.037284,0.093754,0.043374,0.032822,0.075548,0.10993,0.0091956,0.10604,0.12132,0.016082,0.012697,0.066844,0.11142,0.0083211,0.024592,0.15531,0.010116,0.07981,0.09617,0.15359,0.020278,0.055159,0.16105,0.012238,0.072498,0.13463,0.14813,0.014576,0.10115,0.20075,0.12583,0.0079483,0.10695,0.13317,0.080571,0.054159,0.18927,0.056365,0.04359,0.10619,0.096607,0.053863,0.028739,0.17803,0.073691,0.037239,0.14247,0.11462,0.061884,0.060575,0.171,0.058908,0.033077,0.12159,0.09653,0.056035,0.049959,0.18617,0.025191,0.051521,0.13831,0.11155,0.037558,0.030641,0.1732,0.076391,0.056619,0.048249,0.1881,0.08618,0.043909,0.11244,0.082936,0.050839,0.061793,0.10812,0.055231,0.074224,0.076778,0.15269,0.09709,0.082662,0.10297,0.062563,0.032324,0.03271,0.041736,0.026027,0.038565,0.014793,0.021293,0.012291,0.047568,0.045646,0.04064,0.041447,0.022266,0.027073,0.036604,0.023018,0.035925,0.028231,0.054557,0.02462,0.033981,0.026477,0.076922,0.039836,0.022495,0.019039,0.030627,0.0099866,0.04346,0.010137,0.031987,0.038755,0.01221,0.027942,0.022405,0.043497,0.018147,0.020247,0.028695,0.034853,0.023803,0.030686,0.028584,0.061419,0.0033293,0.010432,0.024407,0.051875,0.01187,0.015336,0.01285,0.035749,0.018783,0.014442,0.012337,0.035907,0.026612,0.010166,0.033151,0.037216,0.027876,0.036537,0.016755,0.041343,0.041343,0.041641,0.0078779,0.031179,0.062451,0.046607,0.018438,0.041822,0.081115,0.049386,0.025889,0.035645,0.13336,0.017624,0.057856,0.024235,0.10843,0.064396,0.045499,0.032875,0.030695,0.1549,0.052224,0.031475,0.019293,0.11813,0.076768,0.053028,0.030558,0.054511,0.081835,0.10209,0.038395,0.035603,0.063095,0.030733,0.040154,0.056162,0.035427,0.062211,0.026053,0.039137,0.035397,0.013839,0.016451,0.039213,0.042041,0.0164,0.069619,0.034285,0.04134,0.0078743,0.016806,0.072905,0.050655,0.027604,0.023477,0.020473,0.060113,0.054558,0.045154,0.016912,0.0077549,0.064092,0.069385,0.014769,0.022927,0.024951,0.011848,0.029705,0.009312,0.024916,0.014824,0.016891,0.027264,0.040974,0.026425,0.016977,0.0032252,0.010605,0.020974,0.045575,0.019008,0.0094936,0.0040091,0.012398,0.045943,0.03434,0.0073655,0.013512,0.0046306,0.011647,0.032177,0.031315,0.016254,0.007391,0.007804,0.017371,0.029221,0.019104,0.010225,0.010096,0.012472,0.016982,0.016383,0.013685,0.0017817,0.0054775,0.004816,0.016597,0.0033384,0.023399,0.0032016,0.0059585,0.014633,0.006921,0.0035936,0.0086186,0.0030142,0.0072464,0.0041402,0.0085607,0.0055979,0.0052805,0.0040175,0.0023066,0.0036569,0.0023784,0.0048156,0.017688,0.005924,0.0058645,0.0045358,0.0055383,0.0043217,0.0057919,0.0047582,0.0046293,0.0034028,0.0042899,0.0037993,0.0013509,0.001177,0.0018302,0.0010575,0.0037643,0.0075356,0.0018557,0.0018402,0.0034198,0.0013747,0.0019906,0.00075727,0.0015826,0.0025393,0.0061786,0.0025524,0.0025549,0.00049326,0.0041591,0.0044211,0.0018197,0.00073157,0.0019651,0.0032159,0.0015636,0.00085379,0.0014764,0.0017461,0.00096303,0.0022157,0.0017291,0.0012026,0.0013913,0.0012049,0.0019802,0.0020305,0.0011649,0.0011681,0.0015659,0.0021344,0.0011037,0.0012987,0.0004589,0.0010365,0.00039212,0.00067921,0.0023526,0.00052213,0.0021055,0.00049459,0.0034378,0.0021443,0.00054428,0.0014326,0.0010203,0.0014607,0.0011545,0.0017123,0.0003359,0.00059918,0.0021758,0.00085093,0.00083474,0.0010885,0.0011081,0.00105,0.0010343,0.0009895,0.00022334,0.00052983,0.0010552,0.00029025,0.00067578,0.0011179,0.00051026,0.00072395,0.00077888,0.00034151,0.0008095,0.00049238,0.00069922
0.00027388,0.00025904,0.0012901,0.0022196,0.0010879,0.0015723,0.00076431,0.0010811,0.00043309,0.0025565,0.00043497,0.00063001,0.0014616,0.0020726,0.0045779,0.03243,0.048278,0.054541,0.017558,0.022207,0.023011,0.011646,0.01917,0.0088743,0.011209,0.0097408,0.0081666,0.0036931,0.012222,0.0019935,0.0045951,0.0010902,0.0047737,0.0050364,0.0014545,0.0024019,0.0046915,0.0020915,0.0032971,0.0031118,0.0028632,0,0.0033536,0.0023494,0,0.0028853,0.0011048,0.00039425,0.0029296,0.00084318,0.0012979,0.002066,0.00088319,0.0013332,0.00074909,0.0020638,0.00069937,0.00052259,0,0.0017277,0.0019967,0.0002431,0.0003637,0.0017741,0.0023324,0.00086714,0.0026584,0.00078954,0.0019822,0.0020144,0.00053806,0,0.00016438,0.001555,0,0.0009093,0.00096047,0.000403,0.0013422,0.0023386,0.00041908,0.0016379,0.00037599,0.0035,0.010116,0.015924,0.0096142,0.012602,0.0052928,0.0084036,0.0038621,0.0014844,0,0.0034836,0.0027026,0.0021094,0,0.0047998,0.0010178,0.00068683,0.004388,0.00096932,0.00060032,0.00030846,0,0.00043854,0.00052979,0.0025129,0.0015761,0.0012452,0.001372,0.0037248,0,0.0021692,0.0010884,0,0.0014023,0,0,0.0031077,0.00053393,0.0015204,0.00034648,0.00033288,0.00040047,0.00045935,0.00074317,0.00075248,0.0017506,0.00046034,0,0.0020396,0.00046335,0.0019936,0.0022324,0.0004073,0.0019669,0.0019167,0.0014467,0.0010411,0.0013351,0.0017402,0.0028528,0.0017064,0.0012119,0.0010233,0.0023246,0.00053052,0.00057019,0.00032618,0.00023204,0.00039694,0.0011137,0.00043995,0.0018078,0.00054217,0.0013806,0.0015523,0.001066,0,0.0014376,0.00032205,0.0012983,0.00088159,0.0025768,0.00038068,0.00077365,0.00094652,0.00025323,0.00024869,0.00018369,0.00059389,0.00028723,0.001453,0.0018783,0.0026808,0,0.0010443,0.0005945,0.00099295,0.0025398,0.00056771,0.00036296,0,0,0.0012748,0.00050567,0.00050304,0.00086966,0.002208,0.0012479,0.00075246,0,0,0.00063142,0.00011035,0.0012091,0.00098457,0.00055064,0.00055016,0.00028369,0.00078477,0.00082177,0.00081833,0.0017463,0.0019616,0.00093676,0,0.00033172,0.00086755,0.0008433,0.00024971,0.0004168,0.00022949,0.00087773,0.00020919,0,0.00011269,0,0.00026658,0.00033109,0.00070913,0.0017101,0.0010769,0.0010264,0.0001054,0.0007067,0.00040571,0.00057749,0.0010268,0.0014488,0.00066047,0.00046884,0,0.00046899,0.00020695,0.00051677,0,0.00058144,0.0017577,0.00042137,0.00015708,0.0006242,0.00015879,0.00090721,0.00049116,0.0011172,0.0023838,0.0004108,0,0.00045846,0.00059267,0.0014105,0.0010546,0.00045644,0.0001769,0.0010599,0,0.00072582,0.00053554,0.00035446,0.00046419,0.00081464,0,0,0.0016561,0.00059991,0.00089532,0.00058402,0.0013441,0.00040138,0.00064156,0.0011063,0.00057909,0.00016075,0.00060668,0.00062189,0.00051826,0.00047113,0.00032418,0.0003486,0.0011313,0.00028649,0.00035424,0.00051649,0.00084574,0.00014635,0.00026592,0,0.00021261,0.00048801,0,0.00040861,0.00025302,0.00081545,0.00015578,0.00020673,0.00049909,0.00020313,0.00018504,0.00013105,0.0009526,0.00090389,0.00041783,0.00046491,0.00014951,0.00085615,0.00043987,0.00038116,0.000322,0.00054135,0.00073812,0.00059743,0.00027427,0,0.00036511,0.00036652,0.00017629,0.0003087,0.00049354,0.00029574,0.00041229,0.00032228,0.00086407,0.00040223,0.00034069,9.45e-05,0.00067806,0.00055048,0.001154,0.0011921,0.00014519,0.00028831,0.00060024,0.00024227,0.00043553,6.699e-05,0,0.00019785,0.00030653,0,0.0002477,0.000424,0.00039996,0,0.0001503,0.00040751,0.00014191,0.00018283,0.00048241,0.00078413,0.0006266,0.00067981,0.0003734,0.0012966,0.0013355,0.00033716,0.00044976,0.0006713,0.00029793,0.00032915,0.00081165,0.00080933,0.00061477,0,0.00019019,0.00058666,0.00053983,0.00031571,0.00096644,0.0005241,0.00055824,0.00086628,0.00035788,0.0013156,0.00070351,0.00044491,0,0.00086927,0.00080741,0.00051756,0.00068488,0.00065587,0.00025362,0.00087131,0.00067231,0.00204,0.0016591,0.0024617,0.0023268,0.00045235,0.0012209,0.00037574,0.00023523,0,0.0025317,0.0031426,0.0044245,0.0020368,0.0017241,0.0027589,0.0020629,0.002626,0.0039405,0.0055426,0.0073724,0.014314,0.0019679,0.0031762,0.013017,0.0023812,0.013318,0.0047264,0.011693,0.019507,0.015152,0.022295,0.0043965,0.012806,0.003007,0.0071159,0.0041367,0.0016779,0.0078203,0.0063914,0.012755,0.0065842,0.0091532,0.0069939,0.0040847,0.012363,0.010793,0.055887,0.0064714,0.012841,0.0082473,0.068472,0.015564,0.12079,0.079886,0.052301,0.021492,0.012075,0.050885,0.0096615,0.01963,0.088386,0.047282,0.030095,0.018608,0.059104,0.030733,0.024299,0.081066,0.044523,0.029055,0.024364,0.075814,0.033217,0.030934,0.018028,0.060848,0.041114,0.028984,0.012234,0.022783,0.039639,0.014094,0.0074587,0.028179,0.022883,0.011691,0.010453,0.035839,0.017716,0.0086009,0.033858,0.022536,0.015502,0.0093464,0.05018,0.031079,0.039897,0.050416,0.038231,0.022587,0.018269,0.044512,0.030395,0.014876,0.034602,0.030385,0.019372,0.025092,0.025113,0.045116,0.011902,0.035336,0.03916,0.025345,0.0088267,0.035287,0.036677,0.0058788,0.010235,0.017032,0.037046,0.069485,0.018191,0.008969,0.0075038,0.016218,0.028401,0.0098486,0.040881,0.015314,0.013063,0.0093838,0.0087231,0,0.0048153,0,0.037666,0.029739,0,0.01462,0,0.0072584,0,0.013753,0,0.010488,0.010802,0.026118,0.038326,0.022695,0.019623,0.013011,0.003607,0,0.011213,0,0.029555,0.0059916,0.015077,0.013379,0.021263,0.018665,0.041287,0.0089744,0.043178,0.011731,0.015065,0.0087071,0.0070472,0.009182,0.010011,0.050907,0.0063261,0.012302,0.027798,0.051129,0.050786,0.0084893,0.017156,0.013709,0.048448,0.014188,0.0051925,0.030045,0.0093795,0.008987,0.013825,0.013394,0.018487,0.020878,0.012214,0.026766,0.017218,0.046901,0.01887,0.02055,0.028672,0.0099544,0.0094338,0.012262,0.056183,0.024154,0.014731,0.007757,0.032319,0.034737,0.029566,0.011178,0.028866,0.056011,0.015767,0.015355,0.031316,0.075462,0.021148,0.033913,0.014775,0.1188,0.024184,0.03401,0.036925,0.059737,0.10273,0.032792,0.032442,0.016266,0.081917,0.090376,0.043895,0.026376,0.04446,0.11744,0.0697,0.01726,0.034451,0.045162,0.059592,0.058706,0.065968,0.0058057,0.137,0.10249,0.029229,0.0031695,0.010466,0.11998,0.085381,0.035297,0.033825,0.020293,0.056167,0.07127,0.033257,0.044429,0.023588,0.084329,0.058003,0.017214,0.010176,0.019516,0.0061428,0.02315,0.0097569,0.014791,0.0090568,0,0.014442,0.0073126,0.0064369,0.0048911,0.0097955,0.0011519,0.017196,0.010465,0.020425,0.0074599,0.0066415,0.0078795,0.021134,0.0054602,0.0085315,0.0058592,0.0048046,0.0028042,0.0066546,0.0060622,0.0095706,0.0032836,0.003774,0.017527,0.010155,0.0069639,0.0091806,0.0063691,0.0036681,0.0034346,0.0076745,0.0032271,0.0062291,0.0037966,0.0064996,0.020854,0.022127,0.015478,0.010329,0.0032999,0.0022225,0.0074367,0.01073,0.0019697,0.0030885,0.0036748,0.012011,0.0085948,0.010211,0.0019049,0.0040469,0.0046211,0.0028137,0.0047916,0.0075182,0.016109,0.0024929,0.0017985,0.0056464,0.0015732,0.00725,0.0018533,0.0016156,0.005193,0.00199,0.0013276,0.00089037,0.0015459,0.0021952,0.0011588,0.0032215,0.0046996,0.0032481,0.0042249,0.0029767,0.0017659,0.0027725,0.0012156,0.0040261,0.0014844,0.00049451,0.0029943,0.0016163,0,0.0012601,0.0008451,0.0019492,0.00055583,0.0035848,0.0041819,0.0010601,0.0010378,0.0020942,0.0017033,0.0021064,0.0021316,0.0020627,0.00031893,0.0018111,0.0041886,0.000261,0.0018663,0.00076838,0.00035566,0.00030514,0.00049775,0.0016473,0.0018593,0.00088107,0.0016878,0.0027939,0.0017257,0.0010153,0.00085261,0.001711,0.0022796,0.0021903,0.00045747,0.00057267,0.0014266,0.00018743,0.00072304,0.00052031,0.00030218,0.0012547,0.00028529,0.0003173,0.00086199,0.00071408,0.00080852,0.0011913,0.0011307,0.00062702,0.0012005,0.00056339,0.00055806,0.00059542,0.00061969,0.00094679,0.0011433,0.0017572,0.0004454,0.00034574,0.0014104,0.0012338,0.0011418,0.0011656,0.00014567
0,0,0,0,0,0,0,0,0.00020055,0,0,0,0,0,0,0.019493,0.028286,0,0.006327,0,0,0,0,0,0,0,0,0,0,0,0.0015178,0,0,0,0,0,0,0.00050129,0.0007402,0,0,0,0,0,0,0,0,0,0,0,0.00041604,0,0,0,0,0,0,0,0,0,0,0,0,0,0.00025488,0,0,0,0,0.00020134,0.00026965,0,0,0,0,0.00024403,0,0,0,0.00037835,0,0,0,0,0.0038736,0,0,0,0,0,0,0,0,0,0,0,0,0,0,0,0,0,0,0,0,0,0,0,0,0,0,0,0,0,0,0,0,0,0,0.0005318,0,0,0,0,0,0,0,0,0,0,0,0,0,0,0,0,0,0,0,0,0,0,0,0,0,0,0,0,0,0,0,0,0,0,0,0,0,0,0,0,0,0,0,0.0004529,0,0,0,0,0,0,0,0,0,0,0,0,0,0,0,0,0,0,0,0,0,0,0,0,0,0,0,0,0,0,0,0,0,0,0,0,0,0,0,0,0,0,0.00040433,0,0,0,0,0,0,0,0,0,0,0,0,0,0,0.00011881,0,0,0,0,0,0,0,0.00012526,0.00018281,0,0.0003543,0,0,0.00031309,0,0,0,0,0,0,0.00015098,0,0,0,0,0.00030178,0,0,0,0,0,0,0,0,0,0,0,0,0.00019723,0,0,0,0,0,0,0,0,0,0,0.00011273,0,0,0,0,0,0,0.00020221,0.00021382,0.00017541,0,0,0,0.0002506,0,0,0,0,0,0,0,0,0,0,0,0,0,0,0,0,0,0,0,0.00014054,0,0,0,0,0,0,0,0,0,0,0,0,0,0,0,0,0,0,0,0,0,7.0877e-05,0,0,0,0,0,0,0,0,0,0,0,0,0,0,0,0,0,0,0,0,0,0,0,0,0,0,0,0,0,0,0,0,0,0,0,0,0.00015598,0,0,0,0,0,0,0,0,0,0,0,0,0.00019217,0,0,0,0,0,0,0,0.00037128,0,0,0,0,0,0,0,0,0,0,0,0,0,0,0,0,0,0,0,0,0,0,0,0,0,0,0,0,0,0,0,0,0,0,0,0,0,0,0,0,0,0,0,0,0,0,0,0,0,0,0,0,0,0,0,0,0,0,0,0,0,0,0,0,0,0,0,0,0,0,0,0,0,0,0,0,0,0,0,0,0,0,0,0,0,0,0,0,0,0,0,0,0,0,0,0,0,0,0,0,0,0,0,0,0,0,0,0,0,0,0,0,0,0,0,0,0,0,0,0,0,0,0,0,0,0,0,0,0,0,0,0,0,0,0,0,0,0,0,0,0,0,0,0,0,0,0,0,0,0,0,0,0,0,0,0.0060288,0,0,0,0,0,0,0,0,0,0,0,0,0,0,0,0,0,0,0,0,0,0,0,0,0,0,0,0,0,0,0,0,0,0,0,0,0,0,0,0,0.0092917,0.011865,0,0,0.0099447,0,0,0,0,0,0.0096105,0.0052007,0,0,0,0,0,0,0,0,0,0,0,0,0,0,0,0,0,0,0,0,0,0,0,0,0,0,0.0045207,0,0,0,0,0,0,0,0,0,0.002407,0,0,0,0,0,0,0,0,0,0,0,0,0,0.0085362,0,0,0,0,0,0,0,0,0,0,0,0.003081,0,0,0,0,0,0,0,0,0.0046806,0,0,0,0,0,0,0,0,0,0,0,0,0,0,0,0,0,0,0,0,0.0013202,0,0,0,0,0,0,0,0,0,0,0,0,0,0,0,0,0,0.0015704,0,0,0,0,0,0,0,0,0,0,0,0,0,0,0,0,0,0.00045628,0,0,0,0,0.00062194,0,0,0,0,0,0,0,0,0,0,0.000399,0.00053611,0,0,0,0,0,0,0,0,0,0,0,0,0,0,0,0,0,0,0,0,0,0,0,0,0,0,0,0,0,0,0,0,0,0.00014346,0.0002597,0,0,0,0,0,0,0,0.00018582,0,0,0.00025367,0.00039825,0,0,0,0,0,0,0,0,0,0.00018564,0,0,0,0
