1095.3,375,1550.4,1097.4,1587.6,1488.1,133.86,1189.6,291.77,634.66,646.53,458.79,155.87,1077.8,496.35,1513,1532.5,611.53,352.37,1019.3,1261.9,1172,680.23,768.04,1147.6,791.74,1255.8,1530.5,505.55,1451.1,242.1,222.9,125.06,451.16,567.54,1150.2,460.58,497.86,992.1,809.57,270.5,228.18,506.45,1438,128.58,1450.2,283.98,386.26,116.69,639.75,1300.3,1747.7,795.41,992.77,652.99,302.34,442.56,238.66,672.89,250.99,381.22,110.36,434.78,1607.2,519.41,522.05,919.83,1169.4,472.16,236.06,400.55,1252.1,1171.7,241.71,291.29,260.27,691.1,322.92,416.12,292.03,437.07,133.4,368.39,260.78,324.48,913.63,226.58,706.16,255.64,418.44,1033.1,442.27,429.73,267.46,239.1,1480.6,836.38,452.18,740.99,728.26,1121.7,505.9,191.25,460.97,296.71,1134.3,1288.3,1100.5,1101.2,1539.7,910.87,698.36,703.97,960.65,476.26,189.12,1076.8,983.92,232.36,962,1615.9,1087.9,250.29,576.96,1239.6,612.64,868.54,346.71,135.64,959.57,403.93,718.17,300.6,358.25,266.64,1017,838.31,653.58,653.07,513.96,555.5,657.98,1333.8,1222.3,687.92,1160.8,431.36,1104.6,1409.6,679.2,731.17,748.33,407.2,845.55,318.31,573.05,934.11,1129.2,348.53,1019.5,1165.2,295.79,777.38,818.75,898.79,709.08,579.67,1039.1,534.61,1383.3,1095.5,446.61,491.8,1502.4,1027.4,1174.9,308.83,733.69,937.6,536.21,714.48,258.73,247.43,1659.8,1662.2,470.21,226.87,420.54,191.16,301.72,207.49,1579.8,1039.8,967.12,1073.5,1410.3,1164.8,1799.3,1653.6,1211.6,197,1328.1,1487.8,950.75,1021.6,2019.6,148.87,1394.9,1095.1,1234.8,792.86,1228.5,1100,1528.7,1424.6,333.79,955.16,437.91,1542.8,1470.5,618.46,360.49,1008.9,1150.8,449.74,554.42,1018,1082.8,229.17,1703.6,935.29,936.67,962.03,1143,1311.1,233.42,992.52,550.89,1388.6,1559.8,132.44,583.05,200.21,1115.6,842.22,1158.2,130.01,592.56,1473.2,592.23,703.47,472.31,888.37,328.98,984.05,594.52,921.03,1175.9,631.83,1382.9,676.65,1195.6,658.03,1077.8,1040.6,492.09,819.85,1039,371.73,841.86,1250.8,421.53,500.33,313.94,110.31,1493.2,1616.7,939.1,735.65,803.72,719.27,818.9,414.36,770.46,869.59,696.23,237.14,435.02,235.62,654.08,1631.7,205.11,660.91,569.88,913.41,958.09,355.59,1694,154.66,948.14,265.02,277.18,1950.9,1328.5,518.82,1244.8,219.67,437.44,1202.3,910.33,527.78,454.3,869.04,842.65,1450.8,1280.9,1154.8,142.42,1209.7,1528.5,629.79,282.61,830.94,957.51,838.79,1365.6,1143.2,1060.2,292.29,947.91,1058.4,1583.9,1762.8,30.668,715.28,1437.7,999.53,937.51,950.42,1321.8,1633.4,542.41,277.47,145.7,747.86,1047.8,1180,1015.3,298.02,962.38,887.8,1052.3,882.64,286.69,851.4,656.57,118.24,1011.2,276.14,1216,519.87,274.22,1528.6,971.8,976.55,789.15,436.77,996.8,934.55,199.44,153.85,655.2,216.31,1046.7,246.66,916.89,520.57,1018.4,1035.1,185.82,602.2,804.81,1182.4,791.79,297.82,1374.5,179.76,471.31,635.14,475.75,1328,208.28,888.29,613.63,903.05,524.53,376.4,888.75,479.53,255.14,234.26,631.65,524.33,1405.7,824.32,769.56,1193,289.78,164.52,443.81,435.06,377.82,1176,21.56,322.13,256.08,349.08,1391.8,1568.3,335.49,365.32,255.09,546.34,1486.2,435.86,861.51,249.9,413.99,191.4,972.04,536.76,1350.6,652.91,1504.3,340.03,248.29,862.27,580.8,740.55,1701.6,907.48,357.89,1308.8,575.28,1590.7,1515.4,259.76,359.63,206.91,844.91,421.46,240.26,375.96,182.36,1025,216.36,245.05,527.8,400.22,1297.8,527.47,921,780.02,964.87,633.28,1127,146.9,293.12,908.35,1069.4,178.2,402.31,208.26,852.41,671.7,759.24,790.86,606.6,721.61,671.03,741.2,528.79,585.93,606.63,923,604.21,740.55,626.82,450.18,618.41,627.99,319.38,633.06,1331.2,879.17,856.3,654.96,207.19,421.36,499.54,351.48,344.39,497.34,590.52,638.62,602.86,696.35,166.61,649.23,727.87,328.88,1000.5,938.31,858.41,431.73,1244,1217,528.38,688.5,671.24,924.29,859.21,744.22,623.67,930.6,183.24,844.3,636.74,836.23,88.526,872.49,516.92,811.24,24.792,812.45,584.99,683.7,291.45,918.24,561.88,601.06,366.94,957.86,569.18,573.95,455.19,604.7,650.24,151.82,495.96,897.01,773.2,1355.3,544.8,661.69,781.88,598.94,580.46,637.61,766.64,673.68,661.54,623.83,713.31,673.35,685.29,625.8,730.07,607.72,739.06,625.92,722.5,646.69,770.8,615.35,785.73,564.02,801.12,666.04,900.5,543.67,809.7,677.23,993.19,535.03,851.22,697.77,1222.4,541.59,834.73,771.92,1138.3,476.94,767.42,755.89,1143,489.64,809.53,669.22,1083.7,523.38,856.51,664.51,1091.7,310.69,862.83,690.18,1310.3,1680.1,745.94,703.06,1422.6,214.66,725.92,665.16,1501,1762.3,738.88,661.01,1751.1,1771.4,674.11,639.77,1222,1793.9,656.49,699.27,548.48,1693.2,602.13,785.53,337.06,1902.8,545.01,772.69,530.62,1975.4,538.24,672.64,533.91,2073.1,640.99,589.16,660.44,350.72,555.84,508.48,721.41,547.91,475.41,456.79,664.02,559.87,474.94,484.08,607.08,602.71,491.49,447.49,484.9,753.33,541.82,483.18,504.39,675.98,522.89,481.25,522.81,625.13,659.9,506.6,466.6,503.94,586.71,485.01,418.88,542.53,573.53,633.56,439.03,457.28,429.01,527.22,382.37,470.23,437.15,496.4,284.9,2114.1,435.57,594.27,477.76,403.69,379.87,423.09,526.46,513.11,616.48,469.52,468.74,596.48,638.49,447.72,477.63,584.67,564.58,414.86,592.6,400.87,521.34,494.96,250.63,554.23,448.07,314.54,760.85,639.66,476.46,716.69,555.5,1615.6,516.8,256.23,299.6,459,85.967,473,255.65,478.41,2034.2,712.03,217.05,505.45,923.35,732.85,210.43,53.715,624.45,180.34,436.13,199.4,871.26,823.05,624.66,693.3,403.91,221.91,248.52,338.53,163.14,274.17,695.34,313.04,295.02,230.13,1057.5,947.8,579.33,263.38,313.08,2269.6,391.66,105.73,791.11,1051.5,214.79,2363.6,303.79,101.57,543.7,1111.4,818.25,267.37,268.07,1165.8,255.31,1026.1,1043.5,1144.6,1131.9,214.55,337.11,808.01,1718.2,441.34,218.39,191.02,703.33,229.32,1179.6,384.8,1011.1,1028.3,226.11,193.64,464.22,215.23,593.15,1384.4,421.83
2413.5,1590.7,1766.5,1790.3,2046.9,2353.6,1285.7,1723.2,1357.4,1773.2,1340.5,1274.7,1468,1948.9,1620.2,1724.5,2276.6,1775.9,1507.2,2707,2359.9,1820.8,1738.2,1774.8,2286.7,1897.7,2061.1,2343.3,1717,2423,1558.3,1428.8,1628.1,1677.1,1715.2,1844.6,1521,1775.3,2066.4,1770.3,1810.2,2086.4,1786.2,2066.9,1467.8,2040.5,1512.9,1706.2,1735.2,1678.5,2050.5,2263.7,1796.5,1656.4,1893.1,1559.3,1807.2,1734.3,1742.2,1487.2,1440.5,1654.4,1667.6,2521.7,2026.9,1765.1,1387.6,1877.4,1375.2,1332.5,1761.4,2721.5,1313.1,1574.1,1563.5,1681.4,1668.3,1474.3,1740.4,1624.3,1683.1,1360.8,1276.4,1135.9,1210.8,1995.6,1335.9,1443.4,2219.9,1811.7,1983.8,1590.9,1775.6,1441.4,1486,1803.1,2309,1376.2,1934.3,1347.5,2002,1757.6,1607.5,1645.5,1692.9,1735.6,2436.6,1541.9,2229.6,2196.3,1454.7,1430.7,1309.8,2211.8,1354.7,1696.8,2266.2,1446.3,1608.3,1348,2734.7,1655.1,1404.1,1393.2,1706.4,1195.9,2187.7,1186.5,1788.8,2030.3,1464.3,1347.8,1443.2,1719.5,1455.4,1697.2,2029.7,1254.7,1907.6,1641.7,1963.4,1466.1,1626.3,1737.8,1276.8,2088.1,1574.6,1935.1,2011.9,1459.2,1707,1239.8,1826.9,1328.9,1899.8,1710.1,2133.7,2128.7,1152.8,2083.6,1954.4,1645.7,2004.1,1249.3,1502.7,1724.1,1711.7,2083.8,1896.8,1956.2,2261.6,1779.2,1959.7,2152,2089.4,2115.8,1797.4,1856.8,1825.8,1708.2,1820.5,1808,1790.9,2125.4,2250.2,1804.7,1075.3,1912.2,1557.2,1507,1739.8,2666.1,1937.1,1870.1,2034,2228.1,1853.2,2211.4,2247.5,2014,1868.9,2209.7,1719.4,1768.8,1847.3,3137.1,1377.6,2280.8,1922,1837.7,1896.7,1302.7,1752,2279.3,1483,994.53,1792.7,1363.1,2371.4,1958.3,1919.8,1073.7,1451.1,1750,1712.8,1064.4,1884.8,1798.6,1513.2,1732.3,2048.6,2048.1,2086.9,2381.1,1767.1,2028.2,1403.9,1567.5,2364.5,1999.8,1765.9,1810.3,1218.9,1971.9,1323.6,1727.4,1579.4,1818.4,2352.6,1378.5,1369.7,1321.8,1383.2,1299.8,1483.4,1293.5,1814,2443.3,2140.5,2541.5,1334.3,1843.1,1749.3,2093.7,1547,1459.4,1408.8,2380.6,1522.6,1350.3,2902.6,1626.9,1552.5,1241.4,1076.3,2247,2739.3,2334.6,1371.5,1836.3,1246.6,2063.3,1756.4,1722.6,1692.3,1068.5,1400.1,1705.9,1658.1,1390.6,1908.2,1202,1995.5,1291,2061.6,2389.7,1543.5,2130.1,1459.6,2013.6,1523.9,1209.7,2197.8,2101.7,1398.7,1748.6,1616.3,1436.4,2032.2,1533.3,1200.1,1984.3,1424.6,2153.9,2283,1917.4,1562,1251,1703.2,2324.5,1990.8,1939.9,1385.1,2029.7,2010.4,2528.1,2047.8,2207.4,1642.1,2302.6,1995.8,2107.3,2402.5,1485.5,1600.9,2276.6,1374.7,2096.3,1430.9,2034.1,2454.7,1115.4,1385.9,2097.9,1465.1,1869.2,2189.3,2660.2,1791,2241.4,1430,2078.1,1416.1,1459.9,2265.3,2291.3,2051.2,2065.4,1482.7,1923.9,1653.5,1616.9,1958.3,1581.9,1420.4,1363.3,1863,2281.5,1878.4,1017.3,1018.6,2149.6,1143.3,1505.4,1556.1,1188.1,1542.2,2055.2,1693.1,1494,1581,1303.5,2036.5,1963.8,1358.3,2589.6,2451.9,1778.6,1924.4,1355.3,2407.3,1385.2,2084.1,2057.2,1991.1,1242,1903.2,2533,1484.3,1658.5,1661.2,2412.2,1344.2,2450.3,1504.4,1262.4,2302.4,1209.7,1462.4,1900,2045,1890.5,2841.8,1138.8,1647.2,2015.4,1700.7,2179,2112.9,1118.7,1551.5,1245.7,1472.1,1897.3,1368.1,1880.4,1788.1,1842.6,1651.5,1753.1,1435.8,1617.5,1868.5,2114.6,1644.4,1323.1,1670.4,1494.6,1469,2773,2175.9,1751.8,2296,2165.9,2797.3,2618.6,1525.8,1656.3,1498.9,2238.5,2152.1,1310.3,1283.1,1854.7,2220.8,1064.1,1374,1850.9,2220.4,2186.5,1764.7,2438.3,1266,1487.6,1554,2267.3,1338.8,1968,1520.1,2054.8,2008.1,1102,1904.7,1728.5,1472.7,2313.1,2169.6,1672.2,2361.5,1862.4,2339.9,1598.8,1782.5,1525.8,2345.2,2268.1,2293.2,2206.7,1840.6,1494.4,1037.6,1693.2,1555.8,2372.3,1597.9,2431.8,1710.4,1043.9,896.18,871.75,653.55,685.63,931.3,772.17,898.32,919.98,1903.7,1376.5,1868.4,1797.3,1850.8,1384.2,1724.9,1638.3,1242.7,1687.5,1651,1428.7,1261,1540.8,1513.5,1527.7,1239.5,1396.4,1480.1,1395.3,1276.1,1285.9,1405,1326.2,1289.5,1151.5,1416.6,1318.3,1154.2,1257.2,1403.5,1317,1412.5,1587.1,1364.7,1420.9,1494.5,1524.5,1379.4,1527.3,1160.8,1452.5,1497.7,1516.7,1474.3,1429.3,1859.6,1428.6,1223.8,1392.8,1272.1,1294.7,1232,1433,1256.2,1316.3,1270.3,1458,1230.4,1346.1,1239.8,1496.7,1210.9,1327.9,1421.4,1531.7,1342.4,1328.7,1546.8,1564.9,1535.1,1350.8,1668.9,1572.6,1640,1409.4,1598.5,1590.6,1673.8,1684,1590.1,1573,1137.3,1654.8,1518.3,1628.2,1538.5,1728.7,1662.7,1664.3,1539.3,1680.1,1789.4,1679,1532.5,1635,1742.3,1710.2,1648.2,1684.8,1679.8,1797.7,2101.3,1832.4,1884.7,1808,1725.2,1804.9,1854,1827.3,2167.5,1851.5,1783.8,1930.3,2189.1,1934.7,2064.9,2000.8,2200.6,1993.8,1930.8,1988.5,1934.7,1944.9,1904.3,2019.6,2360.8,1935.6,1940.9,2007.6,2199,1877.7,1941.7,2073.9,2244.8,2206.9,2048,2045.7,2134.3,2048.5,1933.8,2177.8,2134.3,2138.1,2115.9,1696.7,2130.9,2176.5,2196.5,2233.3,2123.4,2245.4,2175,2275.1,2021.4,2242.5,2209.2,2273.2,2228.2,2305.5,2257.6,2276.7,2078.6,2056.7,2253.9,2231.3,1535,2027.9,2211.1,2365.1,2284.1,2241.7,2350.1,2367.6,2340.5,2292.5,2064.8,2124.1,2280,2294.1,2239.8,2050.7,2581.4,2385,2272.4,2232.7,1945.3,2357.6,2342.9,2026.2,2163.7,2023,2348.6,2346.8,2534.8,2579.3,2246,2178.9,2050.1,2320.9,2174.6,2128.6,2100.1,2272.9,2460,2074.5,2487.2,2248.3,1972.6,2572.1,2313.6,2473.4,2435.1,2463.8,2568.3,2472.7,2311.2,2125.2,2323,2371.1,2344.5,1677.4,872.15,2300.3,2480.8,2611.9,2352.9,2474.5,2412,1714.3,1175.7,2261.8,2463.5,2126.1,1363.3,2320.7,2635.3,2398.6,2120.7,2278.8,2204.8,2308.6,2271.7,1169.5,904.86,2418.1,2353.2,2351.6,2232.5,2357.3,2428.8,2442.6,2328,2339.3,2718.2,2300.5,2300.2,2323,2355.2,2262.3,2779.9,2368.5,2368,2498.9,2624.6,1207.4,1949,2359.5,2343.4,2363.4,2799.4,2385,2369.5,2472.4,2424.7,1518,1866.2,2505.8,1152.5,1189.1,1240.4,2003.8,1156.5,2540.2,2180.6,2267.4,2539.5,1368.2,1668.9,1273.7,1404.3,2463.8,2363.3,1668.6
2579.7,2186.7,2859.8,3577.8,3382.8,3221.4,2315.6,3040.3,2147.6,2363.1,2337.3,2456.4,2328.5,2517.1,2174,2339.7,3059.1,2321.2,2305.7,3448.4,3453.9,2737.4,2619.4,2957,3252.3,3040.2,3054.7,3214.3,2222.9,3251.3,2503.1,2619.4,2443.7,2401.1,3279.1,3281.3,2464.1,2395.9,2982.5,2265.5,2754.7,2741.6,2658,3374.3,2306.7,3241.6,2719.8,2271,2297.8,2534,3570.3,3368,2374.9,3061.9,2203.9,2635.8,2769.3,1991.4,2981.5,2418.6,2153.4,2577.1,2139.2,3572.4,2326.5,2490.6,2742.5,2452.4,2086.9,2755.3,2523.1,3310,2656.6,2570.2,2976.9,2437.4,2893.8,2219.5,3002.6,2049.4,2730.3,2994.9,2131.9,1916.4,2395.5,2399,2589.5,2868.7,2523,2433.1,3404.9,2661,2362.9,2311.3,2483.3,3223.5,3112.8,2100.3,3144.2,3261.2,2881.2,3517,2026.1,2443.7,2019.7,2744.1,3611.4,2953.6,3450.4,2806.9,2438.4,2604.7,2340.2,3465.7,2379.3,2451,3624.8,2195.6,2493.9,3161,2940.7,2788,2722.7,2995.1,2921.6,2438.6,3580.9,2457.9,2540.9,2840.1,2901.2,2351,2431.4,2446.7,2603,3304.7,2486.6,2742.6,2242.4,2246.6,2958.8,2202.4,2597.4,3272.4,2844.2,3385.6,2016.4,3028.6,3369.2,2197,2893.6,2164.7,2631.2,2518.5,2806.4,2384.8,3117.6,3210.8,2420.5,3155.9,2906,2534.7,2487.7,2598.7,2355.9,2309.5,2269.8,3312.8,2484.5,4000,2899.3,2838,2490.3,3893.8,2948.5,3549.1,2225.1,2404.4,2376.7,3030,2814.9,2354.7,2363.6,3060.3,3297.9,1946.8,2697.8,2733.3,2195.5,2283.2,2502.1,4000,2291.3,2929.6,2978,2866.7,2288.6,2674.1,2731.2,2467.6,2873.2,2955.7,2888.2,2235.2,2424.9,3284.7,2048,3083.8,2946,2855.2,2328.2,1618.9,2422.9,3143.8,1984.1,2512.8,2973.4,2212.1,4000,3168.9,2216.3,2338.8,2694.9,3074.9,2461.1,2373,2753,3127.7,2448.2,3103.5,2546.4,2939.4,2429.7,3457.5,2703.8,3070.2,2419.8,2292.4,2871.6,3502.2,2820.7,1865.9,2619.6,2591.8,1891.1,2842.5,2462.5,2197.9,2974.5,2354.6,2338.7,2214.8,1907.5,2439.5,2612.2,2686.6,2361,4000,3096.9,2940.1,1907.5,3206.9,2705.8,3054.9,2175.7,2301.1,3187.4,3349.9,2707.5,2023,3642.3,2218.2,2912.3,2506.7,2191.8,3258.2,4000,2746.6,2225.8,2848.4,1799.1,2466.1,2272.5,2308.4,3215.8,2216,2149.5,2702.8,2961,2454.4,3042.3,2511.1,2491.8,1886.3,2858.1,2962.6,1745.6,3464.7,2529.7,3136.7,2373.3,2142.4,4000,3657.5,2189.8,2372.8,2038.3,2531.4,3206.9,2312.3,1680.5,2026.7,2186,3114.8,3580.9,3498.8,3001.1,2348.7,2920.1,3579.6,2435.4,2167.8,2267.1,2165.4,2700.3,3335.4,2998.7,3330.8,2241.6,3392.5,2939,2998.5,4000,1936.4,2782.9,3138.7,2509.3,2618,2182,3761.2,3416.9,2176.7,2569.2,2599.7,2105.5,2934,3806.6,3249,2427.8,3042,2138.6,2541.3,2352.9,2055.5,3462.3,3509.8,2538.8,3391.9,2987.2,3386.8,1947.3,2057.9,3342.6,2543.3,2227.4,2535.4,2358.3,3414.8,3273,2076.6,2606.9,2860.7,1965.4,2964.4,2055.9,2576.6,2299.2,2396.9,2892.6,2826.4,2351.3,2325.4,3447.2,2894.9,2660.2,2709.5,3117.9,2667.4,3181,2336.4,2933.7,2388.5,3341.3,3125.9,2548.8,2448.1,2989.6,3130.6,2097.7,2562.4,2409.7,3028.4,1694.9,3157.2,3300.3,2050.9,3277.3,2215.3,2410.4,3003.4,2400.6,3028,4000,2203.1,2184.2,2534.6,2305.4,3552.1,3313.3,2725.5,2376.5,2347.9,2181.8,3157.7,2287.5,3407.6,2221.8,2900.3,2177.9,3037.9,2074,3181.9,2578.2,3374.8,2717.2,2130.6,2368.7,2251.9,1910.9,4000,3090.9,3103.8,4000,3267.4,4000,4000,2699.1,2950.6,2432.7,3530.8,2752.6,2555.8,2429.4,2642.8,3275.1,2446.2,2718.3,2517.7,2975,3058.8,2778.9,3027.8,2674.6,2376.5,2701.4,3249.8,2126.6,2902.1,2957.3,3249.1,2191.7,2686.3,2681.4,2339.8,2593.9,2438.9,2668.6,2700.2,2735.4,2459.7,2620.8,2395.6,2690.9,2541.5,2781.5,2629.8,2716.4,2632,2408.2,2501,2466.1,2454.2,2256.4,2879.1,2698.8,3348,2438.1,2330.2,2241.3,2134.7,2186.2,2293.4,2308.6,2033.7,2093.2,2278.9,2179.3,2367.9,2288.1,2256.5,2245.5,2369.1,2189.9,2219.3,2177.5,2149.9,2150.9,2020.2,2033.5,2037.6,2042.3,2040.9,2031,1965.7,1986.1,1972.5,2024.3,1950.8,1864.2,2090,1927.3,1939.1,1896.3,1927.4,2201.7,1915.4,1887.5,1872.4,2243.5,1915.9,1862.6,1912.8,1667.8,1877,1904.8,1886,1643.1,1871.6,1980.2,1940.9,1960.6,1873.3,3651.5,1939.2,1721.8,1853.8,1816,1788.4,1772.8,1885,1797.3,1864.9,1837.4,1885.1,1918,1885.6,1906.8,1912.9,1928.2,1949.5,1974.5,1938.9,1962.3,2031,2001.9,1978.4,1956.7,2040.8,2016.2,1987.5,2037.3,1978,2034,2027.1,2006.7,1772.4,2011.1,2017.7,2166,2194.4,2097.6,2073.6,2187.6,2186.6,2140.9,2110.8,2246.8,2116.8,2195.7,2133.6,2317.1,2043.9,2172.9,2149,1974.9,2212.5,2260.1,2217.1,3757.5,2189.3,2313.9,2247.3,2112.8,2196.8,2307.6,2265,3905.4,2285.1,2517.4,2383.2,2530.7,2338.5,2260.5,2440.9,2826.6,2415.2,2349.3,2433.3,2356.8,2380.1,2702.3,2501.5,2644,2344.2,2554.3,2434.2,2586.5,2279.8,2345.6,2553.6,2543.5,2446.7,2512.1,2612.4,2584.4,2507.8,2516.5,2612.8,2595,2574.7,2498.3,2541.4,2618,2612.3,2618.8,2639.2,2613.7,2670.9,2597.4,2672.3,2756.3,2702.6,2647.9,2635.7,2682,2625.1,2701.4,2700.9,2696.2,2611.3,2698,2634.8,2273.2,2555.9,2704,2784.3,2730.3,2673.5,2759.5,2792.6,2760,2721.2,2679.1,2582.4,2715.7,2721.6,2598.9,2778.9,4000,2811.4,2853.4,2709.6,2740.9,2388.8,2519.2,2489.7,2623.1,2449.9,2818.4,2793.1,2959.8,2927.6,2766.1,2437.1,2864.8,2752.5,2685.3,2711.3,2274.6,2713.1,2897.2,2892.2,2938.6,2525.4,2263.8,3057.7,2869.5,2537,2880.6,3043,3183.2,2946.4,2650.1,2538.3,2865.5,2984,2545.5,2505,2378.2,3008.2,3017,3064.2,3045,2884.1,2820.7,2453.2,2555,3178.6,2949,2463.2,2539.5,2661.8,3097.2,3250.4,2969,2769.2,2642.4,2628.8,2691.4,2775.1,2480.9,3003.4,2884.7,2865.7,2677.8,3170.8,2870.7,2846.8,2682.8,2714.4,4000,2662.4,2995.3,2754.2,2757.4,2525.9,4000,2794.6,2788.2,2829.6,3075,2815.9,2664.6,2730.1,2954.1,2804,3441,2807,2798.2,3273.7,2480.6,2717.2,2690,4000,2582.7,2447.8,2366.2,3158.8,2413.9,3345.5,2677.7,3517.5,3111.5,2449.8,2664,2684.7,2412.2,3357.2,3463.2,2843.8
4000,3383.1,4000,4000,4000,4000,3713.8,4000,3070.5,3271.7,3236.7,3207.3,3419.4,4000,3585,4000,0,3315.8,3609.8,0,0,4000,4000,4000,4000,4000,0,0,4000,0,3307,3452.2,3215.9,4000,4000,4000,3339.3,3049.6,4000,3590.3,3431.6,4000,2894.5,0,3209.5,0,3139.9,3277.9,3567.2,3325.9,0,4000,3217.6,4000,3002.3,3310.9,4000,3312,4000,3271,3558.1,4000,3274.9,0,3006.5,3130.8,4000,4000,2943.3,3388.4,3463.7,0,4000,4000,3086.8,3343.8,4000,3332.4,4000,3172.9,4000,4000,3485.9,3407.1,3760.4,0,3465.9,4000,4000,4000,0,3254.8,4000,3361.4,3534,0,0,3525.5,4000,4000,4000,4000,3255.8,3660,2986.9,4000,0,4000,0,0,3449.3,3056.2,3475.6,4000,3621.4,3285.5,0,3242.6,3094.9,4000,0,4000,3451.9,4000,4000,3563.6,4000,4000,3183.5,4000,4000,3506,4000,4000,3311.7,4000,4000,3378,4000,3538.9,4000,3084.6,4000,4000,3575.7,0,2913.7,4000,0,3492.9,3127.5,3711.1,3031.3,3360.1,4000,4000,4000,0,4000,4000,4000,3417.3,3151.4,3100.9,3462.1,3516.9,3113.5,4000,4000,4000,4000,4000,4000,0,0,0,3582.3,3209.2,4000,4000,4000,3523.8,3552.3,0,0,3311.4,3491.5,4000,3230.9,3423.7,4000,4000,3322.7,4000,4000,4000,3655.4,4000,0,4000,4000,4000,4000,3199,3266.6,0,3459,4000,4000,4000,3269.2,3015.1,4000,0,3373.3,3330.5,4000,3680.4,4000,4000,3153.9,3691.8,3400.2,4000,4000,3369.6,4000,4000,4000,4000,4000,4000,4000,0,4000,4000,3257.2,3427.9,4000,0,4000,3049.4,3123,4000,3001.9,0,3152.6,3485.3,0,3501.8,4000,3554,3288.6,3284.5,4000,4000,4000,4000,4000,0,3163,0,4000,4000,4000,3051.6,4000,0,4000,3191.7,0,3304.6,4000,4000,3206.9,0,0,4000,3222.5,4000,3118.2,4000,4000,2897.2,4000,3774.6,4000,3003.8,4000,4000,0,3540.1,4000,3354.4,4000,0,2719,0,3281,0,3481.4,3270.8,4000,0,3332.7,4000,3266.2,3280.5,0,3556,2886.7,3070,2992.6,0,0,0,4000,2939.2,4000,0,4000,3153.7,3623.2,4000,4000,4000,0,4000,3284.8,4000,0,0,0,2914.1,4000,0,3266.3,4000,3280,4000,0,2765.1,4000,4000,3300.2,4000,0,0,3195.3,4000,3216.5,4000,3506.2,3825.7,0,0,4000,4000,4000,0,2952.2,3420.4,4000,4000,3241.4,3774.5,3104.8,0,0,3365.6,3119.3,4000,3335.8,4000,3161.3,4000,3435.1,4000,4000,3074.2,3329.4,3437.4,4000,4000,3382.4,0,0,4000,4000,3321.9,0,4000,4000,4000,4000,3479.2,4000,0,3237.4,4000,4000,4000,2910.8,0,4000,3641.3,0,3349.4,3533,4000,4000,4000,4000,3557.3,3381.8,4000,4000,4000,0,3276.4,4000,3080.8,3361.8,0,3433.8,4000,3461.9,3262,3494.3,4000,4000,4000,4000,0,2977.6,4000,3395.6,3602.2,3202.7,0,0,4000,4000,4000,4000,4000,3915.3,3268.5,3387,4000,4000,3444.3,3581.9,3836.2,0,3335.4,4000,3135.7,4000,4000,3788.1,0,3282.8,3418,3065.8,0,3170.1,4000,3011.1,0,3270.5,3555.5,3022.9,2961.8,2999.1,4000,4000,4000,4000,4000,4000,3820.3,3944.9,3503.1,4000,4000,4000,4000,2944.3,3018.7,3153.9,2931.2,3535.8,0,4000,4000,4000,3514.7,3325.3,3092.6,2739.7,3461.5,4000,3646.8,4000,4000,4000,4000,4000,4000,4000,4000,4000,4000,4000,4000,4000,4000,3477,4000,3397,4000,3304.9,4000,3617.8,3502.5,3553.1,4000,3438.9,3534.2,3835.7,3441.6,3641.2,3443.1,4000,3447.1,3546.9,3472.5,4000,4000,3651.1,3664.2,4000,3574.8,3480.5,3459.4,3837.6,3511.2,3624.5,4000,4000,3676.1,0,3421.7,3837.5,3541.6,3426,3762,3775.4,3580.6,3664.9,3826.9,3624.6,3582.6,3595.6,3544.3,3734.7,3569.9,3585.5,3680.9,3703.3,3608.2,3670.3,3726.4,3602.9,3563.9,3642.3,3526.3,3712.3,3636,3579.3,3560.5,3578.3,3597.7,3671.2,3503.7,3689.4,3676.8,3641.5,4000,3727.1,3643.6,3568.4,3935,3769.9,3680,3606.6,3784.4,3733.1,3735.2,3595.1,3823.4,3679.8,3742.7,3661,3568.7,3766.8,3599.7,0,3663.2,3767.8,3787.9,3587.5,3687.4,4000,4000,0,3519.5,4000,4000,4000,4000,2608.3,4000,4000,4000,3871.7,4000,4000,4000,4000,3127.7,4000,4000,4000,2801.3,4000,4000,4000,4000,4000,4000,4000,4000,4000,4000,4000,3114.4,3311,4000,4000,3517.5,4000,3447.7,2789.9,4000,4000,3669.6,3172.9,4000,4000,4000,4000,4000,4000,2779.9,4000,4000,4000,4000,3926.8,3058.7,2694.9,3048.7,4000,3297.3,4000,4000,4000,4000,4000,3034.4,4000,4000,3819.7,3829.2,2972.3,4000,4000,4000,3723.6,4000,4000,2894.6,2865,2909.1,2926.3,3075,4000,3180.2,4000,4000,2889.1,2824.2,4000,4000,4000,4000,2741.5,4000,4000,4000,4000,2916.6,2876.2,4000,4000,2939.5,4000,4000,0,4000,3051.7,3048.8,3048.6,4000,3001,2972.1,3226.7,0,4000,4000,4000,4000,4000,2916.7,2975.4,4000,0,2947,3794.4,4000,0,0,4000,4000,4000,2902.7,4000,3199,3453,4000,4000,4000,4000,4000,4000,4000,3058.5,4000,0,3283.9,4000,4000,4000,2679.2,0,4000,4000,4000,4000,3345.8,4000,4000,4000,4000,4000,4000,4000,4000,3419.4,3330.9,4000,4000,3448.6,3402.2,3487.4,4000,3567.9,0,4000,4000,4000,3484.1,3487.5,3077.2,3550.7,4000,0,4000
0,0,0,0,0,0,0,0,0,0,0,0,0,0,0,0,0,0,0,0,0,0,0,0,0,0,0,0,0,0,0,0,0,4000,0,0,0,0,0,0,0,0,0,0,0,0,0,0,0,0,0,0,0,0,0,0,4000,0,0,0,0,4000,0,0,0,0,4000,0,0,0,0,0,0,4000,0,0,0,0,0,0,4000,0,0,0,0,0,0,0,0,0,0,0,0,0,0,0,0,0,0,0,0,0,0,0,0,0,0,0,0,0,0,0,0,0,0,0,0,0,0,0,0,0,0,0,0,0,0,4000,0,0,0,0,4000,0,0,0,0,0,4000,0,0,0,0,0,0,0,0,0,0,0,0,0,0,0,4000,4000,0,0,4000,0,0,0,0,0,0,0,0,0,4000,0,0,0,0,0,0,0,0,0,4000,4000,0,0,0,0,0,0,0,4000,0,0,4000,0,0,0,0,0,0,0,0,0,0,0,0,0,0,0,0,0,0,0,0,0,0,0,0,0,0,0,0,0,0,0,0,0,4000,0,0,0,4000,0,0,0,0,0,0,0,0,0,0,0,0,0,0,0,0,0,0,0,0,0,4000,0,0,0,0,4000,0,0,0,0,0,0,0,0,4000,0,0,0,4000,0,0,0,0,4000,0,0,0,0,0,0,0,0,4000,0,0,0,4000,0,0,0,0,0,0,0,0,0,0,0,0,0,0,0,0,0,0,0,0,0,0,0,0,0,0,0,0,0,0,0,0,0,0,0,0,0,0,0,0,0,0,0,0,0,0,0,0,0,0,0,0,0,0,0,4000,0,0,0,0,0,0,0,0,0,0,0,0,0,0,0,0,0,0,0,0,4000,0,0,0,0,0,0,0,0,0,0,0,0,0,0,0,0,0,0,0,0,0,0,0,0,0,0,0,4000,0,4000,0,0,4000,0,0,0,4000,0,0,0,0,0,0,0,0,0,0,0,0,0,0,4000,4000,0,0,0,4000,0,0,0,0,0,0,0,0,0,4000,0,0,0,0,4000,0,0,0,0,0,0,0,0,0,0,0,0,0,0,0,0,0,0,0,0,0,0,0,0,0,0,0,0,0,0,0,0,0,0,0,0,0,0,0,4000,0,4000,0,4000,4000,0,0,0,0,0,0,0,0,0,0,0,0,0,0,0,0,0,0,0,0,0,4000,0,4000,4000,0,0,0,0,0,0,0,0,4000,0,0,0,0,0,0,0,0,4000,0,0,0,4000,0,0,0,0,0,0,4000,0,0,0,0,4000,0,0,0,0,0,0,0,0,0,4000,0,0,0,0,0,0,0,0,0,0,0,0,0,0,0,0,0,0,0,0,0,0,0,0,0,0,0,0,0,0,0,0,0,0,0,0,0,0,0,4000,0,0,0,0,0,0,0,0,0,0,0,0,0,0,0,0,0,0,0,0,0,0,0,0,4000,4000,0,0,4000,0,0,4000,0,0,0,0,0,4000,0,4000,4000,0,0,4000,4000,0,0,4000,4000,4000,0,0,0,4000,4000,4000,4000,0,0,4000,0,0,4000,0,0,0,4000,0,0,0,4000,4000,4000,0,0,0,4000,4000,0,4000,0,0,0,0,0,0,4000,0,0,4000,4000,0,4000,4000,0,0,0,4000,0,4000,0,0,4000,0,0,0,0,0,0,0,0,0,0,0,4000,0,0,0,0,0,0,4000,0,0,0,0,0,0,0,0,0,0,0,0,0,0,0,0,0,0,0,0,0,0,0,0,0,0,0,0,0,0,0,0,0,0,0,0,0,0,0,0,0,4000,4000,0,0,0,0,0,0,0,0,0,0,0,0,0,0,0,0,0,4000,0,0,0,0,0,0,0,0,0,0,0,0,0,0,0,0,0,0,0,0,0,0,0,0,0,0,4000
0.0064884,0.0040996,0.0029359,0.0041633,0.0047235,0.010238,0.0035735,0.0030246,0.0038146,0.0078978,0.0031036,0.0051403,0.0025205,0.0049719,0.007235,0.004986,0.010591,0.0027609,0.0059491,0.0030275,0.0055602,0.0050808,0.0046894,0.0077388,0.004902,0.0037598,0.0017536,0.0079819,0.0072842,0.014527,0.010151,0.004842,0.0052921,0.0046256,0.0024663,0.0012847,0.0032568,0.0034923,0.0048991,0.0055841,0.0070476,0.0024518,0.0044075,0.0065049,0.0039587,0.0072355,0.0079157,0.0065043,0.0038607,0.0049285,0.0036916,0.0038556,0.0037232,0.0019844,0.0094316,0.0016182,0.0046488,0.0067705,0.0040222,0.010737,0.0044806,0.0055975,0.0067342,0.0049247,0.0055931,0.0046373,0.0023935,0.0054715,0.0039566,0.005494,0.0053869,0.0099643,0.0055654,0.0071087,0.0087367,0.011781,0.0039324,0.0044532,0.0037221,0.0065583,0.0068152,0.0034491,0.0023358,0.0036872,0.0055364,0.0029486,0.010385,0.0041334,0.0066935,0.0052702,0.0033065,0.0087241,0.0058942,0.0040259,0.0099319,0.0069742,0.005395,0.003181,0.0041407,0.003531,0.0053621,0.0012613,0.0060374,0.0059166,0.0030857,0.0064037,0.0067933,0.0043706,0.0031045,0.0046568,0.0061647,0.0048479,0.0028904,0.0076574,0.0069017,0.0057119,0.0041477,0.0057407,0.0047103,0.00098852,0.0028792,0.0041917,0.0052381,0.005583,0.0046446,0.0050329,0.0066523,0.0044449,0.0053825,0.0038734,0.0034541,0.0027405,0.0076701,0.0066158,0.0073043,0.0059522,0.0057462,0.0033641,0.029424,0.0359,0.011337,0.01186,0.0068995,0.0084413,0.0058295,0.011566,0.0080311,0.0065776,0.006065,0.010278,0.0033237,0.0055797,0.010816,0.0083262,0.0062994,0.0058819,0.011933,0.011876,0.0027816,0.0053547,0.0078612,0.010414,0.011347,0.010595,0.015615,0.010466,0.013615,0.0070711,0.0065397,0.0070137,0.005963,0.010196,0.0040707,0.012531,0.005272,0.0065732,0.0086976,0.013824,0.010461,0.0055314,0.005382,0.0096044,0.0087721,0.0072871,0.011329,0.01438,0.0083662,0.019575,0.013151,0.0049138,0.009677,0.004362,0.01042,0.013488,0.0091663,0.034896,0.032599,0.069679,0.019551,0.013908,0.0028916,0.0099626,0.011851,0.02079,0.015009,0.011121,0.0040161,0.012693,0.010324,0.010108,0.0052468,0.006521,0.0083318,0.01571,0.011298,0.005025,0.0030534,0.0044251,0.0057671,0.012873,0.007357,0.0050001,0.014307,0.010549,0.0053909,0.0048476,0.0031561,0.0036847,0.0070738,0.0047724,0.0055975,0.014691,0.0084043,0.011123,0.0031984,0.0038277,0.01052,0.012171,0.0077427,0.0074995,0.0058151,0.0028062,0.0052236,0.0048851,0.0019751,0.0045715,0.0036693,0.005688,0.0079486,0.0044026,0.002087,0.0044392,0.012157,0.0061125,0.0015144,0.0067969,0.0031272,0.009914,0.0056504,0.012795,0.0052269,0.0044082,0.007595,0.0067895,0.0070669,0.0028004,0.010766,0.0083346,0.0071826,0.004872,0.0041493,0.009344,0.0030481,0.0072848,0.0041056,0.0080394,0.0056467,0.0082872,0.0093956,0.010477,0.0057002,0.010399,0.0060049,0.0095815,0.011036,0.007973,0.006448,0.014239,0.010223,0.005849,0.0031321,0.0021962,0.0036541,0.0075458,0.0098115,0.0032212,0.0054826,0.0095184,0.0055357,0.0023877,0.0083505,0.0062208,0.004046,0.0077104,0.0056161,0.006291,0.0063065,0.011744,0.01142,0.0051811,0.0022642,0.0081908,0.0030112,0.0065821,0.011436,0.0038849,0.0037137,0.0025477,0.004877,0.0067349,0.0075611,0.009984,0.0034587,0.0050528,0.0065385,0.0072603,0.0042536,0.010483,0.0078745,0.0029345,0.001211,0.0044047,0.0065079,0.001831,0.0060638,0.0022839,0.0029886,0.011033,0.002977,0.0023386,0.0035972,0.0014611,0.0073984,0.001294,0.0044883,0.0052507,0.0019408,0.003205,0.007349,0.008881,0.0067679,0.0027871,0.0060342,0.0067487,0.0039266,0.0056743,0.0059161,0.010016,0.0064086,0.003722,0.0052543,0.0063891,0.0026037,0.0079169,0.0089109,0.0085935,0.0030303,0.0044131,0.001869,0.0025632,0.0041185,0.012569,0.0062138,0.0023263,0.0093364,0.0024987,0.0053192,0.0046738,0.0024608,0.0028317,0.0057933,0.0045606,0.0072565,0.0068365,0.0061866,0.0061702,0.0042307,0.0088032,0.0029842,0.0074927,0.0032673,0.0016926,0.0056582,0.0068137,0.0027612,0.0040506,0.0076336,0.0019295,0.0066558,0.005336,0.0047846,0.0071795,0.0031025,0.0060906,0.0096181,0.0015586,0.0032087,0.003291,0.0027381,0.0029352,0.0036221,0.0031595,0.0084597,0.004273,0.0076714,0.012276,0.0031279,0.0041074,0.005217,0.0047647,0.003149,0.0056897,0.0046482,0.0052501,0.0061115,0.0040299,0.012233,0.0074409,0.0086103,0.0030204,0.0027031,0.0029194,0.0031184,0.0058455,0.008702,0.0039399,0.0049813,0.0055486,0.0023408,0.0095723,0.0038022,0.0030982,0.0043135,0.0092765,0.003465,0.0037953,0.0069329,0.0053905,0.0077933,0.0036363,0.0039288,0.0054029,0.0023244,0.0095308,0.0046897,0.0046638,0.0042708,0.010976,0.0056317,0.004996,0.008828,0.0077873,0.0028516,0.0059667,0.0047345,0.0095,0.0037735,0.0040926,0.013166,0.0033423,0.008944,0.009022,0.01777,0.02562,0.035992,0.029301,0.11198,0.11462,0.058806,0.03276,0.055009,0.025104,0.036129,0.050778,0.040125,0.032885,0.092068,0.060935,0.019983,0.022948,0.020863,0.011944,0.022609,0.010734,0.046217,0.033346,0.029371,0.038805,0.078321,0.04023,0.051349,0.066728,0.24831,0.077279,0.21367,0.24487,0.15921,0.034514,0.43676,0.2954,0.066502,0.04646,0.045206,0.10781,0.092323,0.13248,0.091362,0.066774,0.13231,0.17974,0.22318,0.073777,0.30521,0.41295,0.3293,0.13635,0.38163,0.25399,0.23493,0.11496,0.30883,0.1938,0.21231,0.085138,0.1662,0.21406,0.1709,0.10747,0.28145,0.26219,0.16763,0.18448,0.19277,0.33708,0.14109,0.23554,0.17018,0.34099,0.082167,0.22426,0.2205,0.29729,0.32296,0.38998,0.33863,0.38809,0.11302,0.35239,0.44264,0.39074,0.20668,0.40151,0.58424,0.48382,0.25101,0.61324,0.59873,0.44716,0.26846,0.71743,1.0012,0.4922,0.36051,0.80789,1.2019,0.41726,0.49429,0.85263,1.2289,0.2866,0.66784,0.92251,1.2147,0.36202,0.51724,0.72211,0.74334,0.32523,0.19049,0.63881,0.63039,0.48917,0.3605,0.98337,0.75172,0.45775,0.34026,0.60413,0.75493,0.27824,0.34588,0.49916,0.57839,0.21731,0.1407,0.47419,0.52556,0.22919,0.81155,0.53107,0.55598,0.23761,0.12468,0.57916,0.49764,0.14343,1.2615,0.51468,0.45107,0.19671,0.95333,0.46219,0.58557,0.14442,0.73863,0.37012,0.74191,0.2183,0.11838,0.437,0.6239,0.18767,0.82612,0.53585,0.4484,0.36073,0.42008,0.43296,0.47206,0.49016,0.92031,0.23371,0.30426,0.468,0.21214,0.35581,0.35229,0.60723,0.4352,0.30206,0.43992,0.34706,0.52695,0.404,0.65124,0.42348,0.5467,0.60819,0.42614,0.39812,0.54843,0.94257,0.46274,0.32198,0.45123,0.49612,0.42488,0.34385,0.2512,0.4491,0.60365,0.40034,0.24816,0.21268,0.34478,0.38989,0.36404,0.19597,0.16953,0.51262,0.30978,0.22442,0.097615,0.13341,0.23513,0.1099,0.17156,0.031797,0.24353,0.13773,0.17756,0.12358,0.079176,0.17652,0.19847,0.16589,0.091928,0.095553,0.11187,0.12795,0.062284,0.068029,0.082551,0.19898,0.093246,0.052437,0.028547,0.048318,0.063832,0.050609,0.047745,0.02589,0.055617,0.066093,0.069173,0.015887,0.035894,0.10438,0.021433,0.028272,0.011344,0.060501,0.066532,0.052038,0.044476,0.022835,0.074439,0.041749,0.017959,0.0081172,0.030873,0.021751,0.016698,0.027584,0.028264,0.025233,0.016696,0.010965,0.023279,0.047224,0.020962,0.015713,0.0062107,0.012746,0.015342,0.011377,0.025019,0.03963,0.018747,0.014926,0.0048717,0.010539,0.018812,0.032268,0.025277,0.0054521,0.0063127,0.010496,0.017421,0.0098885,0.020045,0.019024,0.0066429,0.013831,0.0054,0.011939,0.013694,0.0048215,0.0050018,0.0031752,0.0069768,0.003501,0.0071221,0.00919,0.0026119,0.0088863,0.0043173,0.0086916,0.0063908,0.0028022,0.007396,0.0072953,0.0017763,0.0019359,0.0022735,0.005695,0.0033576,0.0024141,0.0038426,0.0038347,0.0020093,0.0022332,0.0026613,0.0025446,0.0051479,0.005187,0.0067883,0.0037157,0.0022617,0.010238
0.0019292,0.0017661,0.0050937,0.010054,0.0042824,0.0047902,0.011165,0.0033023,0.0028362,0.0052094,0.0042116,0.0071578,0.00482,0.0088063,0.0018413,0.0023421,0.0099325,0.0062499,0.0059027,0.0030936,0.0084094,0.0051739,0.0039525,0.0028718,0.0046686,0.0061995,0.0043813,0.0045101,0.0078194,0.0062528,0.012678,0.0061588,0.0067397,0.0021028,0.0060207,0.0026493,0.0049428,0.0076662,0.0046297,0.0059743,0.0022135,0.0032529,0.0071097,0.0095699,0.0099477,0.0079508,0.0090016,0.0061554,0.0045876,0.0050059,0.004811,0.00452,0.0057342,0.0052099,0.0024871,0.0055954,0.010434,0.001599,0.0037115,0.0061486,0.0060372,0.0068821,0.0056614,0.0072177,0.0027705,0.0047277,0.0053544,0.0043148,0.0041028,0.0058792,0.0026136,0.0091612,0.0017848,0.0055338,0.0084071,0.0073754,0.003058,0.0077402,0.0053096,0.0028717,0.010379,0.0040093,0.0075434,0.0017951,0.0078901,0.0014806,0.013252,0.0055308,0.0076598,0.0030888,0.0085438,0.0099422,0.00486,0.0058063,0.0045098,0.0018054,0.0023371,0.0055896,0.0050558,0.0093133,0.0071787,0.0083951,0.0092357,0.0060128,0.0031054,0.0056796,0.0038629,0.0030876,0.002528,0.0016008,0.0051612,0.0050029,0.0035947,0.0063561,0.0049654,0.0035618,0.0059242,0.0050262,0.0090299,0.0040864,0.0015347,0.006794,0.0047101,0.0075179,0.0029225,0.0022175,0.0099568,0.0063068,0.0092475,0.0055764,0.0071747,0.0053821,0.0070141,0.0067797,0.0031853,0.0055664,0.0015487,0.0093172,0.013431,0.031632,0.0051416,0.0037017,0.0064735,0.010543,0.010572,0.020625,0.0040336,0.010447,0.0068816,0.0041699,0.0025304,0.0084336,0.0085105,0.010425,0.0087439,0.0076704,0.015749,0.012601,0.014639,0.0082446,0.010973,0.010221,0.0080056,0.0057379,0.0045906,0.004259,0.013282,0.0094277,0.0066373,0.0075032,0.010333,0.0040188,0.0083682,0.0075101,0.013285,0.0078241,0.010405,0.0074321,0.0093167,0.012935,0.017621,0.016308,0.01503,0.0035138,0.013446,0.0067317,0.004905,0.0085633,0.014507,0.009647,0.011973,0.0080416,0.0071393,0.013774,0.014922,0.028773,0.073403,0.051409,0.034529,0.01624,0.018493,0.011568,0.013082,0.012418,0.012521,0.0025912,0.0075767,0.011278,0.011606,0.016123,0.0037632,0.0023037,0.010266,0.0039146,0.0028865,0.010739,0.018715,0.01084,0.0088399,0.010198,0.0054196,0.013948,0.010389,0.010606,0.0049612,0.0041005,0.0044775,0.0039198,0.0054756,0.011095,0.0068618,0.0098323,0.0045905,0.011104,0.0078913,0.0043678,0.0042473,0.015415,0.004522,0.0070418,0.0087261,0.0026545,0.0046229,0.0053366,0.0013591,0.0048104,0.0013679,0.0021758,0.0040282,0.0041967,0.0060886,0.016936,0.0024661,0.0071854,0.0035605,0.0071349,0.0041431,0.0041482,0.0040913,0.0045187,0.0054407,0.0049335,0.0069992,0.0059369,0.0056345,0.0047056,0.0078523,0.0050732,0.0045227,0.0025298,0.0045552,0.0076348,0.0044163,0.0088194,0.0021452,0.0048335,0.0021056,0.0047495,0.0035333,0.0034883,0.0049833,0.005701,0.0095384,0.0033202,0.0087805,0.003627,0.0054805,0.0055117,0.011365,0.0073085,0.0031402,0.0044296,0.0052701,0.0025283,0.0073222,0.0057999,0.0051072,0.0078078,0.0067343,0.0084415,0.0046151,0.0022467,0.0062526,0.0060938,0.0056647,0.0025069,0.009593,0.013643,0.0106,0.0057915,0.003036,0.00227,0.004841,0.0075545,0.012182,0.0073844,0.0055303,0.0050959,0.0040504,0.0073392,0.0078409,0.0044408,0.0046457,0.0014525,0.0067282,0.005821,0.013062,0.0099141,0.0054355,0.0096463,0.0065443,0.0049138,0.008455,0.0016209,0.0030547,0.0033936,0.0043382,0.0062248,0.0021544,0.0050003,0.0042633,0.0040308,0.0036702,0.0065032,0.0057387,0.0038994,0.0095747,0.003376,0.0042223,0.005558,0.0051172,0.0019964,0.0040736,0.0054287,0.0022635,0.0072994,0.0049006,0.0029497,0.0056844,0.0024614,0.0039686,0.0041144,0.0023059,0.0024433,0.003874,0.0073557,0.0033925,0.0050081,0.007197,0.0087505,0.0076963,0.006337,0.00468,0.0027534,0.0075448,0.0029008,0.006006,0.0040784,0.007362,0.0071167,0.0054065,0.0072044,0.0052732,0.0041009,0.0028688,0.0026444,0.0044235,0.0049656,0.0069145,0.0093771,0.0057787,0.0033687,0.0056874,0.010589,0.0039284,0.0017356,0.0036133,0.0074714,0.0060764,0.0032741,0.0044547,0.0073011,0.0032314,0.0056211,0.0085272,0.0029347,0.0057293,0.0075967,0.0044469,0.0080606,0.0049432,0.0026921,0.0039708,0.0035407,0.0086662,0.0066654,0.0059236,0.0013638,0.0041266,0.0071357,0.0065808,0.0056091,0.0017957,0.0047338,0.0053491,0.0062619,0.0066764,0.0093002,0.011612,0.0046592,0.0050939,0.0053943,0.0060177,0.0032673,0.004434,0.0027892,0.0028439,0.0030343,0.0038509,0.0083327,0.00529,0.0047702,0.0046964,0.0050657,0.0027822,0.0048151,0.0017731,0.0075025,0.008995,0.0055401,0.0038978,0.0029835,0.003637,0.0057053,0.010085,0.0047696,0.0017964,0.0058458,0.0098533,0.0086836,0.0072718,0.0065761,0.006104,0.0045124,0.0078958,0.0055059,0.0083703,0.0047639,0.0021234,0.0049307,0.0021979,0.0060952,0.011781,0.0080863,0.016367,0.010807,0.098793,0.057958,0.083606,0.020087,0.033133,0.054504,0.025651,0.018657,0.057188,0.051034,0.068404,0.045277,0.021128,0.016578,0.024058,0.01779,0.0095409,0.025019,0.020951,0.035619,0.016659,0.048594,0.095948,0.061647,0.082848,0.28083,0.24363,0.024821,0.093034,0.10177,0.030225,0.15275,0.34182,0.1246,0.09141,0.24629,0.1918,0.090012,0.1357,0.098429,0.11824,0.089469,0.14286,0.20137,0.26538,0.23521,0.44034,0.35201,0.42451,0.43561,0.44622,0.2107,0.31579,0.29084,0.31118,0.23261,0.28105,0.26021,0.21934,0.17101,0.24614,0.15396,0.27955,0.1376,0.19017,0.11315,0.19289,0.24961,0.21608,0.12426,0.34739,0.37656,0.27242,0.19126,0.2684,0.39855,0.33943,0.22582,0.34538,0.48552,0.31045,0.13824,0.40552,0.596,0.38575,0.14096,0.45528,0.68467,0.35731,0.28544,0.30392,0.69663,0.32874,0.3614,0.4103,0.99419,0.25917,0.42325,0.62763,1.2452,0.26505,0.26663,0.88976,1.098,0.48804,0.18917,1.3621,1.1496,0.22149,0.13488,0.9109,0.5339,0.10225,0.23613,0.73809,0.85408,0.36538,0.65613,0.7771,0.9437,0.52883,0.89637,1.577,0.98153,0.67552,0.69707,1.6126,1.0334,0.55623,0.6474,1.0225,0.91126,0.72581,0.56977,1.1805,0.98445,0.74146,0.76728,1.5077,1.0028,1.3658,0.98758,1.0186,0.75048,0.9345,1.0801,0.52178,1.1791,0.75908,0.92069,1.4411,1.8128,0.62252,0.99382,1.4545,1.2736,0.60398,0.74349,0.33724,0.89839,0.39045,0.82024,0.30966,1.2911,0.12546,0.18212,0.41222,1.0577,1.5524,0.91301,0.27752,0.4861,1.5003,1.242,0.45347,0.21189,1.6299,1.7238,0.52817,0.62168,1.3105,1.8343,1.1223,0.86375,0.98894,1.2834,1.4057,0.6133,0.39531,0.65579,1.0722,0.21293,0.24589,0.50571,1.2452,0.73169,0.043631,0.080127,0.56502,0.57175,0.4188,0.3715,0.30501,0.61576,0.66644,0.27449,0.097782,0.28792,0.63746,0.49916,0.092432,0.035858,0.20066,0.19724,0.092588,0.11933,0.10354,0.048624,0.12703,0.03774,0.076422,0.11301,0.050064,0.12928,0.11299,0.037587,0.057916,0.075003,0.13112,0.075973,0.056497,0.10316,0.008904,0.079485,0.05978,0.020695,0.14538,0.050734,0.010364,0.051559,0.10657,0.054573,0.11575,0.063699,0.016807,0.18875,0.069677,0.0092339,0.04002,0.13153,0.026999,0.0093006,0.0092615,0.040651,0.084937,0.038593,0.041518,0.048503,0.053196,0.0079392,0.01603,0.022011,0.060703,0.010905,0.0065702,0.019878,0.030997,0.03536,0.017683,0.02888,0.029233,0.025052,0.032105,0.010417,0.014441,0.036163,0.027725,0.022628,0.021173,0.013251,0.019802,0.030129,0.014191,0.017343,0.018358,0.011641,0.021999,0.021018,0.019321,0.015249,0.013687,0.010024,0.0072166,0.0066459,0.0058816,0.002868,0.0055977,0.0085349,0.0088364,0.0076945,0.0048219,0.0070686,0.010974,0.015033,0.011242,0.0035288,0.0013366,0.003633,0.0016596,0.0012949,0.0032028,0.0017534,0.0037779,0.0048846,0.0019331,0.0037781,0.0059849,0.0019425,0.0043365,0.0020846,0.0028378,0.0029836,0.0035028,0.0039826
0.0069583,0.0029507,0.003205,0.0078546,0.0026253,0.0019438,0.004989,0.0074417,0.0012387,0.006342,0.0041441,0.0067068,0.0040778,0.011397,0.01338,0.0040191,0.0080621,0.0055213,0.004,0.0030115,0.00475,0.006388,0.0058181,0.0046562,0.0038463,0.0058209,0.0054196,0.0023018,0.0075335,0.0036925,0.006526,0.006633,0.0031217,0.0045678,0.0070959,0.0048349,0.0088751,0.0057327,0.0043979,0.0046421,0.0038463,0.00479,0.0050022,0.014679,0.0066394,0.011914,0.0033926,0.0054213,0.0027529,0.0013589,0.0028866,0.0027789,0.003771,0.0039197,0.0049904,0.0036669,0.0038148,0.0077318,0.006149,0.0077261,0.014107,0.0040424,0.0059971,0.0015618,0.0014194,0.0025522,0.0079119,0.0017773,0.0060388,0.0030131,0.0055803,0.0020927,0.0062598,0.0082179,0.0021016,0.0027519,0.0050436,0.0045147,0.0039444,0.0057541,0.011351,0.004129,0.0046428,0.0057685,0.008267,0.0030732,0.0070955,0.0047426,0.0024391,0.0041857,0.0039842,0.0025531,0.0056161,0.0029512,0.0031019,0.0068133,0.0065981,0.0020539,0.0047927,0.0044936,0.0053311,0.0068988,0.0022595,0.0034607,0.0015563,0.0040014,0.0026107,0.0063164,0.00368,0.0017796,0.0063565,0.0036708,0.0020486,0.0041161,0.007181,0.004791,0.0033866,0.004375,0.0030213,0.0026655,0.0028541,0.0051319,0.004241,0.0099491,0.0055189,0.0059331,0.0048465,0.0047767,0.002839,0.0022457,0.0033017,0.0038151,0.0090365,0.0089081,0.0066279,0.0091961,0.005609,0.0044508,0.013895,0.029512,0.0037221,0.015754,0.015768,0.012216,0.0090423,0.015272,0.012251,0.007465,0.008395,0.012184,0.0015865,0.0037328,0.0059643,0.013127,0.01054,0.0092243,0.0034629,0.0051392,0.010361,0.0031767,0.013883,0.010367,0.0023641,0.010887,0.016271,0.0098559,0.01045,0.0049518,0.0079696,0.0026617,0.0078395,0.010325,0.0088487,0.0047475,0.011347,0.003139,0.0075793,0.0056311,0.0096877,0.0058621,0.0056332,0.012834,0.0047393,0.00639,0.0055044,0.0065228,0.006746,0.0074851,0.015341,0.010807,0.011993,0.0063723,0.0075657,0.011642,0.009006,0.02002,0.071032,0.017345,0.034657,0.017603,0.0060871,0.0026795,0.014191,0.024331,0.015845,0.0064618,0.013977,0.0051026,0.013931,0.010364,0.0093043,0.0053609,0.0074016,0.0037591,0.0073872,0.0029415,0.00825,0.0074463,0.0022302,0.0062008,0.00593,0.0050538,0.0060769,0.0080389,0.0068949,0.010032,0.0047775,0.014061,0.010744,0.009983,0.0037181,0.0071435,0.0094115,0.012652,0.0055518,0.0051872,0.0071946,0.015545,0.0056332,0.0082388,0.0066662,0.0050538,0.0033437,0.0046506,0.0043916,0.013464,0.0041783,0.0084871,0.0047067,0.0041648,0.0063762,0.0079424,0.01013,0.012156,0.0056522,0.0059443,0.0042946,0.0053823,0.0087584,0.003839,0.0048013,0.0063336,0.0061116,0.0044758,0.003299,0.0041602,0.0030414,0.0055491,0.0035996,0.0039547,0.0015772,0.0035874,0.0066061,0.008614,0.0088697,0.0024154,0.0015278,0.002905,0.005838,0.0025801,0.001551,0.0034318,0.0089724,0.0048925,0.0024803,0.0089202,0.0079209,0.0031729,0.0044333,0.0090902,0.0056446,0.0073843,0.0035363,0.0052059,0.0068702,0.0053706,0.0017052,0.0091562,0.0056249,0.0049273,0.014631,0.014374,0.0041544,0.0031268,0.0041315,0.0021412,0.0054039,0.008818,0.0083636,0.0091477,0.0044387,0.011388,0.0067683,0.014337,0.0061319,0.0034993,0.01151,0.0058195,0.0038704,0.0048178,0.007526,0.0067613,0.0065899,0.0072416,0.0030985,0.0018471,0.0077447,0.0052599,0.0072794,0.0025936,0.0037556,0.0039209,0.0031288,0.0061111,0.0064232,0.0046856,0.0037736,0.0034531,0.0051264,0.0013772,0.0015275,0.0052407,0.0076972,0.0017057,0.011817,0.005456,0.0028762,0.0034918,0.0033648,0.0029169,0.0023985,0.0041147,0.0038805,0.0059114,0.0050423,0.0041377,0.0050784,0.0050694,0.0072877,0.0024541,0.001557,0.0084376,0.0029375,0.005023,0.0061196,0.0031547,0.0018707,0.0041899,0.0054378,0.012954,0.0029179,0.0062452,0.01058,0.0025329,0.0070589,0.0032106,0.0072032,0.0062777,0.0040978,0.0016816,0.0041351,0.0042708,0.0017095,0.0027303,0.0056233,0.006961,0.0056907,0.0039382,0.0033474,0.0072916,0.0024459,0.0026329,0.0026074,0.0030308,0.0085236,0.0039629,0.0045888,0.0022042,0.0071039,0.0042545,0.0054188,0.0079273,0.0011525,0.0035828,0.0067255,0.0061869,0.0063325,0.0037247,0.0063024,0.0024047,0.0054314,0.0063739,0.0041888,0.005242,0.0022652,0.0038146,0.004532,0.0020529,0.0042058,0.0076431,0.0073331,0.0053331,0.0061337,0.012016,0.011038,0.0065781,0.0062089,0.0010556,0.0059773,0.0059078,0.0025968,0.0035418,0.0029021,0.0022306,0.0056922,0.0066331,0.004701,0.0023886,0.0015023,0.0053044,0.0036947,0.0035118,0.0055389,0.0044141,0.0019735,0.0052763,0.001732,0.0026742,0.0068305,0.0017446,0.0039438,0.0062262,0.0049688,0.007619,0.0054815,0.0031495,0.0082849,0.006066,0.0068041,0.005458,0.0056398,0.0029236,0.0053992,0.0048206,0.0048165,0.0067118,0.0090039,0.0061011,0.0026706,0.0045492,0.005725,0.020866,0.013283,0.031022,0.043497,0.034682,0.13528,0.16608,0.034295,0.055526,0.019101,0.030362,0.05786,0.058839,0.034193,0.047645,0.070663,0.063548,0.034115,0.031501,0.053825,0.013765,0.023282,0.007942,0.037911,0.017703,0.031276,0.073764,0.038909,0.05578,0.13939,0.35218,0.22348,0.088497,0.29687,0.37132,0.24249,0.33118,0.42264,0.38886,0.2041,0.25817,0.23198,0.24665,0.14911,0.16598,0.18914,0.16164,0.31261,0.4063,0.38912,0.34582,0.54817,0.90885,0.5092,0.41984,0.5063,0.50881,0.41623,0.51693,0.22187,0.45173,0.34647,0.15295,0.26882,0.44087,0.34119,0.27362,0.14264,0.28882,0.3228,0.29095,0.082987,0.35858,0.37722,0.22479,0.45222,0.53887,0.36234,0.25457,0.099462,0.58441,0.073447,0.28083,0.37772,0.69257,0.37724,0.23928,0.48905,0.79785,0.53201,0.20069,0.65188,0.8925,0.73476,0.46632,0.52834,0.79316,0.84077,0.52679,0.85539,1.0362,0.9192,0.70703,1.0909,1.2552,0.88032,0.81707,1.1203,1.172,0.87811,0.88778,1.8936,1.3602,0.76241,0.28915,1.219,0.74509,0.31703,0.41525,1.3574,1.0639,0.27426,0.71373,1.7345,1.1836,0.39071,0.82425,1.7331,1.1744,0.45495,0.6961,1.6854,1.1227,0.24873,0.69418,1.2848,1.0567,0.70917,0.47297,1.354,1.142,0.73718,0.61698,1.2902,1.0198,0.29633,0.96254,1.1809,0.84588,0.11345,1.097,0.31862,1.1833,0.07243,0.94999,1.1517,1.7331,0.5757,1.0489,0.58461,1.1442,0.16422,0.66545,0.79915,0.73201,0.59513,0.97159,0.57451,1.2925,0.86559,0.28822,0.38199,0.84177,1.4679,0.79055,0.086251,0.32469,1.3576,1.1069,0.4278,0.63999,1.5885,1.5168,0.42346,0.51926,1.0083,1.5746,0.99502,0.88126,0.6295,1.13,1.18,0.56078,0.57012,0.096564,1.0241,0.45516,0.36374,0.34647,1.114,0.53274,0.5665,0.17721,0.52025,0.5011,0.46788,0.37267,0.23826,0.53346,0.56795,0.21754,0.21341,0.25891,0.54855,0.43128,0.060516,0.042185,0.11022,0.20626,0.12063,0.11304,0.12386,0.11159,0.062228,0.10497,0.078571,0.094355,0.13397,0.11819,0.10657,0.055748,0.082531,0.058488,0.055233,0.074501,0.064261,0.073114,0.054865,0.081167,0.077815,0.053865,0.13471,0.049643,0.059637,0.052984,0.04035,0.013778,0.1106,0.045764,0.029153,0.18386,0.082596,0.035582,0.037544,0.13522,0.096739,0.084748,0.067003,0.046532,0.086741,0.027899,0.029923,0.038869,0.054509,0.057715,0.049478,0.012747,0.069621,0.049426,0.029895,0.018581,0.024505,0.01522,0.024708,0.02469,0.025501,0.013178,0.030979,0.014004,0.034958,0.016836,0.031989,0.020722,0.019258,0.010511,0.021466,0.029435,0.01133,0.013598,0.0050332,0.0095657,0.0050078,0.018742,0.016189,0.0019417,0.0086226,0.0088682,0.0054972,0.0045392,0.0013481,0.0019467,0.005534,0.0065352,0.0041666,0.0036955,0.002666,0.0053629,0.010194,0.0046319,0.0023719,0.0099761,0.0074544,0.0029054,0.0077179,0.0093572,0.002578,0.0012599,0.0062035,0.0022549,0.0026369,0.0028328,0.002313,0.0061809,0.0016769,0.0035961,0.0036748,0.0019779,0.0027406,0.0057604
0.0043472,0.0069892,0.0021194,0.0010005,0.0020995,0.0037246,0.0024751,0.00094371,0.0073016,0.0059334,0.0083287,0.0034506,0.0052215,0.014802,0.0046654,0.0043154,0,0.0048007,0.0047374,0,0,0.0020121,0.0030567,0.0013092,0.0010714,0.0032272,0,0,0.0013951,0,0.0090699,0.0043016,0.0030111,0.0016053,0.0029682,0.0015138,0.0054663,0.0078065,0.002454,0.0045269,0.0028753,0.0021292,0.0028505,0,0.005907,0,0.011558,0.0059197,0.0039304,0.0084603,0,0.00065992,0.0062413,0.0024357,0.0065265,0.0012135,0.0020008,0.011598,0.0014949,0.014311,0.0069884,0.0072231,0.0033041,0,0.0035453,0.0015583,0.0026786,0.0031558,0.0061826,0.0037478,0.0038449,0,0.0039641,0.0071064,0.0053403,0.0089918,0.0033048,0.0037828,0.0015848,0.0035702,0.0032564,0.0079191,0.0094995,0.010812,0.0045755,0,0.0030799,0.0064807,0.007753,0.0054072,0,0.0059796,0.0058243,0.0032385,0.0034467,0,0,0.0034905,0.0025517,0.0046562,0.0063358,0.0008833,0.010247,0.0049699,0.0015515,0.0076372,0,0.0044719,0,0,0.0040371,0.0046084,0.0031418,0.0018199,0.0026638,0.0015429,0,0.00444,0.0063682,0.0019595,0,0.0047212,0.0087861,0.0042335,0.0039057,0.0026252,0.0013089,0.0067344,0.0060785,0.0011124,0.0065106,0.0025347,0.0055329,0.0060536,0.0046261,0.0018921,0.00608,0.0025114,0.011434,0.022579,0.021324,0.011835,0.0037034,0.0016205,0.0023528,0,0.0066711,0.0027653,0,0.0047957,0.0023989,0.010093,0.0055641,0.011309,0.0034834,0.0096489,0.0075463,0,0.0055268,0.0020299,0.0032082,0.0056518,0.0054356,0.0053435,0.0087039,0.0097328,0.0074879,0.0013219,0.0045816,0.0016475,0.0014766,0.0072013,0.0077656,0,0,0,0.008138,0.010015,0.0043499,0.0042378,0.012364,0.0066976,0.0072527,0,0,0.016389,0.0029653,0.0055688,0.008351,0.011567,0.012229,0.0010553,0.0058068,0.0028246,0.0035478,0.01383,0.024939,0.012482,0,0.012636,0.0055737,0.0031458,0.019641,0.01162,0.0049988,0,0.00498,0.0041536,0.0048597,0.0099407,0.0081654,0.012238,0.011314,0,0.013432,0.017949,0.0054701,0.0081159,0.0015216,0.0023011,0.003787,0.0051897,0.002798,0.0033402,0.00427,0.0067293,0.0027014,0.0015322,0.014545,0.0030466,0.0024653,0.002262,0.0062518,0,0.008334,0.00089425,0.0042033,0.01175,0.0016381,0,0.012046,0.0088481,0.0080378,0.0013347,0.0035709,0,0.0027146,0.0034186,0,0.0084014,0.0051849,0.0062064,0.0087954,0.0058662,0.0031469,0.0025612,0.0017535,0.0015953,0.0012062,0,0.0091788,0,0.0044321,0.0012074,0.0059526,0.00499,0.0025593,0,0.0025835,0.0078264,0,0.0069585,0.0010662,0.0067459,0.0034024,0,0,0.0039635,0.003591,0.0019359,0.0065414,0.0034682,0.0091975,0.0060349,0.0019813,0.0023189,0.0060235,0.0033571,0.0081142,0.0051856,0,0.0050363,0.0037837,0.008105,0.001272,0,0.010089,0,0.0098314,0,0.0057938,0.007274,0.0016076,0,0.013083,0.0066754,0.0054515,0.0075712,0,0.0050576,0.0047535,0.0072446,0.003306,0,0,0,0.0010601,0.0083824,0.0033428,0,0.0064166,0.0050342,0.0029498,0.0032379,0.0053678,0.0010572,0,0.0011757,0.0099353,0.0012899,0,0,0,0.00648,0.0058962,0,0.0015276,0.0034446,0.0033877,0.00065793,0,0.0072835,0.0036826,0.0023564,0.0086411,0.006716,0,0,0.0044214,0.0010336,0.0051388,0.0025803,0.0015493,0.0033387,0,0,0.004819,0.0014528,0.0030694,0,0.0035853,0.004284,0.0008122,0.0039347,0.0045244,0.0031936,0.0047649,0,0,0.0033945,0.0044141,0.0033666,0.005696,0.00073133,0.0043396,0.0049858,0.0062876,0.0060234,0.0068714,0.0070822,0.0034988,0.0059423,0.00095389,0.0021077,0.0015842,0,0,0.0037119,0.0016201,0.0072326,0,0.0035006,0.0021365,0.0015155,0.0020067,0.0054529,0.0033363,0,0.010675,0.0089398,0.0082268,0.0010179,0.010033,0,0.0017575,0.0034349,0,0.0052129,0.0070672,0.0022469,0.0041761,0.00094863,0.0012609,0.0055351,0.0061449,0.0035161,0.002384,0.00072704,0,0.0066883,0.0057552,0.0069099,0.0048836,0,0.0096028,0.0034583,0.0065023,0.0074457,0.00775,0.0014869,0.0024704,0.0044488,0.0032028,0,0.0015998,0.0049813,0.0029586,0.0032507,0.0081862,0,0,0.00066359,0.0022388,0.0018488,0.00084068,0.0012602,0.0014497,0.0036444,0.0077846,0.00065884,0.0046404,0.0056341,0.0040666,0.003372,0,0.0035573,0.0039759,0.0068893,0.0047791,0.0013029,0.0016976,0,0.0027392,0.0063539,0.0040853,0,0.014162,0.0038708,0.0060807,0,0.0090835,0.0069972,0.0059241,0.022723,0.024599,0.041973,0.04953,0.028418,0.032957,0.041198,0.03934,0.042944,0.017608,0.04,0.015055,0.029105,0.015877,0.013415,0.032701,0.020133,0.024523,0.015035,0.014294,0,0.025091,0.0039822,0.027082,0.022578,0.021079,0.029091,0.039853,0.042235,0.059979,0.035019,0.24789,0.10438,0.069294,0.12255,0.15186,0.08997,0.066568,0.29709,0.17961,0.054021,0.051435,0.41515,0.077393,0.070233,0.081343,0.45983,0.072934,0.13178,0.22988,0.45059,0.12046,0.1334,0.21202,0.12781,0.090142,0.10182,0.098653,0.19522,0.073774,0.10127,0.083732,0.12375,0.080122,0.08711,0.47918,0.17006,0.067871,0.068724,0.58503,0.21218,0.1629,0.075292,0.20354,0.15802,0.085957,0.15342,0.12632,0.11147,0,0.080316,0.24092,0.2975,0.13481,0.089027,0.31966,0.31525,0.28867,0.13052,0.3049,0.58027,0.35861,0.34275,0.88855,0.92387,0.4522,0.51544,0.82323,0.7754,0.44178,0.4389,0.79311,1.1898,0.70198,0.85745,1.9748,1.2813,0.89837,0.84091,1.0285,1.0903,0.82242,0.7954,1.4693,0.91835,0.60253,0.33888,1.1064,0.73025,0.63643,0.35508,0.87402,0.39144,0.35233,0.7236,0.94436,0.48047,0.32767,0.47396,0.56101,0.52061,0.43755,0.66079,1.0838,0.50022,0,0.60922,0.33062,0.56225,0.70971,0.67271,0.58094,0.40447,0,0.19575,0.6091,0.28659,0.92054,0.49893,0.56852,0.631,0.59628,0.23402,0.52004,1.4313,0.44464,0.84729,0.75258,0.18622,0.86419,0.50901,0.28347,0.64895,0.62791,0.58705,0.37196,0.94782,0.75654,0.20059,0.12958,0.45004,0.65386,0.52419,0.42226,0.117,0.20874,0.25032,0.65844,0.18528,0.52727,0.20426,0.10667,0.3228,0.32911,0.21524,0.14503,0.20657,0.47197,0.72082,0.27293,0.70558,0.13813,0.74167,0.2529,0.30287,0.23614,0.26401,0.15929,0.20944,0.60119,0.041569,0.13207,0.072106,0.11845,0.23387,0.050506,0.32275,0.15239,0.055281,0.072598,0.13003,0.087581,0.06284,0.089597,0.037187,0.029223,0.034243,0.02265,0.045838,0.04389,0.15635,0.15527,0.15851,0.010946,0.03171,0.021795,0.019401,0.01368,0.043159,0.014085,0.10068,0.023004,0.038509,0.020546,0.032602,0.057279,0.048317,0.0061487,0.011283,0.012593,0.074961,0.070147,0.004158,0.041921,0.058174,0.025251,0.0090132,0,0.015225,0.11492,0.082138,0.010371,0.01244,0.11964,0.1032,0.054768,0,0.0097697,0.0053944,0.0055962,0.0055767,0.0066864,0.062496,0.050645,0.0069112,0,0.062707,0.010634,0.014897,0,0,0.008013,0.0102,0.015509,0.016681,0.0039072,0.013733,0.025502,0.0064599,0.0040796,0.0056389,0.0033034,0.001305,0.0029126,0.002048,0.010956,0.0062374,0,0.0026192,0.0019147,0.0030286,0.011396,0.015299,0,0.0038278,0.0020518,0.002011,0.0021961,0.0053308,0.0051345,0.0069525,0.0015421,0.0046846,0.00088275,0.0049892,0.0018474,0.0012762,0.002728,0.0024637,0.0022044,0.0010627,0.0031078,0.0047756,0.007224,0.0032838,0.0033174,0,0.00044506,0.0004116,0.0052138,0.0032002,0.0013147,0.0018203,0.0021536,0.0015785,0,0.002904
0,0,0,0,0,0,0,0,0,0,0,0,0,0,0,0,0,0,0,0,0,0,0,0,0,0,0,0,0,0,0,0,0,0.00068952,0,0,0,0,0,0,0,0,0,0,0,0,0,0,0,0,0,0,0,0,0,0,0.0010796,0,0,0,0,0.0015978,0,0,0,0,0.0010448,0,0,0,0,0,0,0.0010974,0,0,0,0,0,0,0.0013852,0,0,0,0,0,0,0,0,0,0,0,0,0,0,0,0,0,0,0,0,0,0,0,0,0,0,0,0,0,0,0,0,0,0,0,0,0,0,0,0,0,0,0,0,0,0,0.0021402,0,0,0,0,0.0026825,0,0,0,0,0,0.0089508,0,0,0,0,0,0,0,0,0,0,0,0,0,0,0,0.0021893,0.0013246,0,0,0.0020123,0,0,0,0,0,0,0,0,0,0.0015351,0,0,0,0,0,0,0,0,0,0.0018644,0.0017908,0,0,0,0,0,0,0,0.001168,0,0,0.0017298,0,0,0,0,0,0,0,0,0,0,0,0,0,0,0,0,0,0,0,0,0,0,0,0,0,0,0,0,0,0,0,0,0,0.0016971,0,0,0,0.002187,0,0,0,0,0,0,0,0,0,0,0,0,0,0,0,0,0,0,0,0,0,0.00081028,0,0,0,0,0.0014498,0,0,0,0,0,0,0,0,0.00093413,0,0,0,0.00085089,0,0,0,0,0.0018028,0,0,0,0,0,0,0,0,0.0012295,0,0,0,0.0014719,0,0,0,0,0,0,0,0,0,0,0,0,0,0,0,0,0,0,0,0,0,0,0,0,0,0,0,0,0,0,0,0,0,0,0,0,0,0,0,0,0,0,0,0,0,0,0,0,0,0,0,0,0,0,0,0.0015463,0,0,0,0,0,0,0,0,0,0,0,0,0,0,0,0,0,0,0,0,0.0012102,0,0,0,0,0,0,0,0,0,0,0,0,0,0,0,0,0,0,0,0,0,0,0,0,0,0,0,0.00066494,0,0.0010324,0,0,0.0009094,0,0,0,0.0010768,0,0,0,0,0,0,0,0,0,0,0,0,0,0,0.0019843,0.0019463,0,0,0,0.0017643,0,0,0,0,0,0,0,0,0,0.0016652,0,0,0,0,0.0010477,0,0,0,0,0,0,0,0,0,0,0,0,0,0,0,0,0,0,0,0,0,0,0,0,0,0,0,0,0,0,0,0,0,0,0,0,0,0,0,0.0042906,0,0.014208,0,0.016625,0.0054993,0,0,0,0,0,0,0,0,0,0,0,0,0,0,0,0,0,0,0,0,0,0.036778,0,0.046511,0.033434,0,0,0,0,0,0,0,0,0.030322,0,0,0,0,0,0,0,0,0.14197,0,0,0,0.074706,0,0,0,0,0,0,0.026202,0,0,0,0,0.039927,0,0,0,0,0,0,0,0,0,0.022187,0,0,0,0,0,0,0,0,0,0,0,0,0,0,0,0,0,0,0,0,0,0,0,0,0,0,0,0,0,0,0,0,0,0,0,0,0,0,0,0.11222,0,0,0,0,0,0,0,0,0,0,0,0,0,0,0,0,0,0,0,0,0,0,0,0,0.27744,0.10142,0,0,0.13765,0,0,0.081247,0,0,0,0,0,0.16121,0,0.10065,0.098209,0,0,0.17102,0.070423,0,0,0.16186,0.17429,0.19867,0,0,0,0.11591,0.10085,0.115,0.038358,0,0,0.096633,0,0,0.14561,0,0,0,0.14245,0,0,0,0.078079,0.13415,0.13852,0,0,0,0.090275,0.041159,0,0.059242,0,0,0,0,0,0,0.046658,0,0,0.046887,0.064915,0,0.027931,0.02694,0,0,0,0.0082781,0,0.017413,0,0,0.013463,0,0,0,0,0,0,0,0,0,0,0,0.0077109,0,0,0,0,0,0,0.0056077,0,0,0,0,0,0,0,0,0,0,0,0,0,0,0,0,0,0,0,0,0,0,0,0,0,0,0,0,0,0,0,0,0,0,0,0,0,0,0,0,0,0.0022797,0.0029719,0,0,0,0,0,0,0,0,0,0,0,0,0,0,0,0,0,0.0012059,0,0,0,0,0,0,0,0,0,0,0,0,0,0,0,0,0,0,0,0,0,0,0,0,0,0,0.0019583
